0.012234
6.784508

0.012234
6.784508

0.012234
6.784508

0.012234
6.784508

0.012234
6.784508

0.012234
6.784508

0.012234
6.784508

0.012234
6.784508

0.012234
6.784508

0.012234
6.784508

0.012234
6.784508

0.012234
6.784508

0.012234
6.784508

0.012234
6.784508

0.012234
6.784508

0.012234
6.784508

0.012234
6.784508

0.012234
6.784508

0.012234
6.784508

0.012234
6.784508

0.012234
6.784508

0.012234
6.784508

0.012234
6.784508

0.012234
6.784508

0.012234
6.784508

0.012234
6.784508

0.012234
6.784508

0.012234
6.784508

0.012234
6.784508

0.012234
6.784508

0.012234
6.784508

0.012234
6.784508

0.012234
6.784508

0.012234
6.784508

0.012234
6.784508

0.012234
6.784508

0.012234
6.784508

0.012234
6.784508

0.012234
6.784508

0.012234
6.784508

0.012234
6.784508

0.012234
6.784508

0.012234
6.784508

0.012234
6.784508

0.012234
6.784508

0.012234
6.784508

0.012234
6.784508

0.012234
6.784508

0.012234
6.784508

0.012234
6.784508

0.012234
6.784508

0.012234
6.784508

0.012234
6.784508

0.012234
6.784508

0.012234
6.784508

0.012234
6.784508

0.012234
6.784508

0.012234
6.784508

0.012234
6.784508

0.012234
6.784508

0.012234
6.784508

0.012234
6.784508

0.012234
6.784508

0.012234
6.784508

0.012234
6.784508

0.012234
6.784508

0.012234
6.784508

0.012234
6.784508

0.012234
6.784508

0.012234
6.784508

0.012234
6.784508

0.012234
6.784508

0.012234
6.784508

0.012234
6.784508

0.012234
6.784508

0.012234
6.784508

0.012234
6.784508

0.012234
6.784508

0.012234
6.784508

0.012234
6.784508

0.012234
6.784508

0.012234
6.784508

0.012234
6.784508

0.012234
6.784508

0.012234
6.784508

0.012234
6.784508

0.012234
6.784508

0.012234
6.784508

0.012234
6.784508

0.012234
6.784508

0.012234
6.784508

0.012234
6.784508

0.012234
6.784508

0.012234
6.784508

0.012234
6.784508

0.012234
6.784508

0.012236
6.783508

0.012258
6.771509

0.013050
6.743574

0.015058
6.707760

0.018736
6.672171

0.024863
6.637051

0.028081
6.624612

0.030372
6.619053

0.031745
6.616334

0.032661
6.614528

0.033578
6.612728

0.036012
6.610286

0.042846
6.607064

0.052257
6.605016

0.065671
6.598223

0.072875
6.592498

0.076597
6.586312

0.078800
6.580420

0.079757
6.576907

0.079921
6.575990

0.080261
6.573160

0.083903
6.539003

0.086725
6.488385

0.088294
6.430048

0.088292
6.384870

0.087107
6.345057

0.085298
6.314959

0.083761
6.299084

0.082481
6.287375

0.077312
6.253680

0.070471
6.220440

0.064281
6.195796

0.059896
6.181084

0.056415
6.171819

0.042631
6.147586

0.029691
6.130702

0.023187
6.124646

0.001147
6.105004

-0.007215
6.098159

-0.031127
6.072942

-0.046152
6.047439

-0.059918
6.011789

-0.078938
5.947521

-0.088929
5.911359

-0.096507
5.884381

-0.100313
5.871517

-0.101025
5.869929

-0.100313
5.871517

-0.100313
5.871517

-0.100313
5.871517

-0.099584
5.874103

-0.098331
5.877391

-0.097233
5.881782

-0.095781
5.886983

-0.094670
5.892385

-0.094115
5.895089

-0.094316
5.893192

-0.094501
5.892291

-0.094766
5.886412

-0.094863
5.880439

-0.094919
5.866407

-0.094554
5.836069

-0.093926
5.821661

-0.093525
5.814411

-0.093541
5.813415

-0.093541
5.813415

-0.093541
5.813415

-0.093541
5.813415

-0.093541
5.813415

-0.093541
5.813415

-0.093541
5.813415

-0.093541
5.813415

-0.093123
5.807161

-0.090833
5.765769

-0.086503
5.706336

-0.081391
5.645690

-0.074806
5.579604

-0.066072
5.497996

-0.049866
5.376683

-0.037892
5.305809

-0.024814
5.239613

-0.010048
5.175261

0.005275
5.118071

0.083141
4.925012

0.092247
4.906863

0.116976
4.858201

0.130390
4.830001

0.140221
4.808191

0.149014
4.789073

0.149696
4.787541

0.148302
4.791595

0.147415
4.792984

0.147415
4.792984

0.147415
4.792984

0.147415
4.792984

0.147889
4.791300

0.152776
4.783719

0.161707
4.776312

0.176915
4.778587

0.184321
4.785054

0.189500
4.793816

0.192616
4.800782

0.194171
4.804282

0.193966
4.804089

0.193966
4.804089

0.193966
4.804089

0.193966
4.804089

0.193966
4.804089

0.193966
4.804089

0.193966
4.804089

0.193966
4.804089

0.193966
4.804089

0.193966
4.804089

0.193762
4.803896

0.193189
4.802338

0.192042
4.799227

0.190280
4.795553

0.188514
4.791895

0.187899
4.791333

0.188514
4.791895

0.188514
4.791895

0.187821
4.793298

0.188065
4.792502

0.188553
4.790912

0.190012
4.781049

0.194048
4.745056

0.197396
4.685999

0.197564
4.661681

0.197564
4.651483

0.197522
4.652463

0.197648
4.654621

0.197648
4.654621

0.197648
4.654621

0.197648
4.654621

0.197648
4.654621

0.197648
4.654621

0.197648
4.654621

0.197648
4.654621

0.197648
4.654621

0.197522
4.642265

0.198416
4.611477

0.201133
4.565027

0.210235
4.475543

0.214156
4.446577

0.227279
4.371419

0.235742
4.332841

0.244415
4.301855

0.252803
4.277974

0.260285
4.262578

0.266995
4.252680

0.272737
4.246980

0.281730
4.244329

0.288524
4.245487

0.299294
4.253071

0.312193
4.268321

0.339485
4.315290

0.342027
4.320243

0.342027
4.320243

0.342027
4.320243

0.342027
4.320243

0.342027
4.320243

0.342027
4.320243

0.342027
4.320243

0.342027
4.320243

0.342027
4.320243

0.342027
4.320243

0.342027
4.320243

0.342027
4.320243

0.342027
4.320243

0.342027
4.320243

0.342027
4.320243

0.342027
4.320243

0.342027
4.320243

0.342027
4.320243

0.342027
4.320243

0.342027
4.320243

0.342027
4.320243

0.340937
4.318569

0.339704
4.315623

0.338328
4.311409

0.337529
4.309140

0.338109
4.311077

0.339395
4.319395

0.340509
4.332766

0.341111
4.361282

0.340485
4.371984

0.338939
4.397164

0.338324
4.407872

0.337557
4.441658

0.339342
4.494292

0.341893
4.521709

0.346143
4.550923

0.347965
4.560306

0.348640
4.563551

0.348509
4.562270

0.348172
4.560647

0.348097
4.561587

0.348097
4.561587

0.348097
4.561587

0.348097
4.561587

0.348097
4.561587

0.348097
4.561587

0.348097
4.561587

0.348097
4.561587

0.347965
4.560306

0.347290
4.557063

0.346068
4.551863

0.344976
4.547949

0.344769
4.547611

0.345597
4.548965

0.345390
4.548626

0.345183
4.548288

0.344902
4.548891

0.344902
4.548891

0.344191
4.551980

0.344472
4.551376

0.345332
4.546406

0.346550
4.539897

0.349546
4.517161

0.354093
4.478863

0.358718
4.440658

0.362515
4.407449

0.366238
4.373013

0.371694
4.319998

0.374962
4.286843

0.376678
4.268239

0.376764
4.267309

0.376161
4.273819

0.375047
4.285912

0.374365
4.293357

0.373978
4.294853

0.373978
4.294853

0.373978
4.294853

0.373978
4.294853

0.373978
4.294853

0.373978
4.294853

0.373978
4.294853

0.373978
4.294853

0.373978
4.294853

0.373978
4.294853

0.373978
4.294853

0.373978
4.294853

0.373978
4.294853

0.373978
4.294853

0.373978
4.294853

0.373893
4.295784

0.373723
4.297646

0.372452
4.311614

0.369140
4.345737

0.365421
4.382352

0.361176
4.428733

0.358902
4.452713

0.356210
4.479179

0.353166
4.510368

0.350088
4.542538

0.347350
4.570989

0.344852
4.599812

0.344338
4.606400

0.344338
4.606400

0.344338
4.606400

0.344485
4.604517

0.344852
4.599812

0.345367
4.593224

0.345753
4.585358

0.346230
4.573391

0.346470
4.567408

0.346470
4.567408

0.346659
4.570909

0.346790
4.572189

0.340705
4.554814

0.332676
4.544148

0.314295
4.538311

0.302832
4.546904

0.293325
4.561847

0.285288
4.580125

0.278957
4.597734

0.273242
4.617297

0.263975
4.660435

0.253097
4.720384

0.238773
4.807391

0.232283
4.852316

0.231598
4.857696

0.232673
4.848654

0.233514
4.844482

0.233313
4.844251

0.233313
4.844251

0.233313
4.844251

0.233313
4.844251

0.233313
4.844251

0.233313
4.844251

0.233313
4.844251

0.233609
4.842537

0.233906
4.840823

0.234548
4.836423

0.236238
4.828099

0.237683
4.820524

0.239035
4.814902

0.239788
4.812699

0.239335
4.813196

0.238833
4.814666

0.238631
4.814429

0.239035
4.814902

0.239237
4.815139

0.239438
4.815376

0.239591
4.816585

0.239237
4.815139

0.239286
4.814168

0.239030
4.810779

0.238637
4.780473

0.239461
4.747465

0.241327
4.715652

0.243067
4.695013

0.244616
4.682393

0.246538
4.667119

0.252251
4.635706

0.254418
4.624875

0.261009
4.599794

0.269589
4.573181

0.283865
4.541760

0.299638
4.519367

0.315082
4.504765

0.334974
4.495887

0.342859
4.494598

0.344551
4.494132

0.345254
4.494205

0.345539
4.493603

0.345539
4.493603

0.345539
4.493603

0.345539
4.493603

0.345539
4.493603

0.345539
4.493603

0.345539
4.493603

0.340094
4.499729

0.337901
4.503671

0.336130
4.508293

0.334646
4.512313

0.335566
4.509522

0.336706
4.503903

0.337063
4.502346

0.337283
4.499515

0.338032
4.486918

0.337615
4.465066

0.335421
4.441518

0.330628
4.417243

0.327919
4.408931

0.326776
4.405108

0.326991
4.405429

0.326991
4.405429

0.326991
4.405429

0.326991
4.405429

0.326991
4.405429

0.326991
4.405429

0.326991
4.405429

0.326991
4.405429

0.326991
4.405429

0.326991
4.405429

0.326991
4.405429

0.326991
4.405429

0.326991
4.405429

0.326991
4.405429

0.326991
4.405429

0.326991
4.405429

0.326991
4.405429

0.326991
4.405429

0.327704
4.408609

0.327206
4.405751

0.326279
4.399090

0.323991
4.375655

0.322263
4.322518

0.322855
4.295957

0.323745
4.281416

0.324042
4.277624

0.324117
4.276676

0.324117
4.276676

0.324117
4.276676

0.324117
4.276676

0.324117
4.276676

0.324117
4.276676

0.324117
4.276676

0.324117
4.276676

0.324117
4.276676

0.324117
4.276676

0.324117
4.276676

0.324117
4.276676

0.324117
4.276676

0.324117
4.276676

0.324117
4.276676

0.324117
4.276676

0.324117
4.276676

0.324117
4.276676

0.324117
4.276676

0.324117
4.276676

0.325462
4.259617

0.326146
4.244766

0.326149
4.241604

0.326221
4.243819

0.325390
4.257403

0.325088
4.264355

0.324938
4.266250

0.324938
4.266250

0.324938
4.266250

0.324938
4.266250

0.325013
4.265303

0.325162
4.263408

0.325766
4.252665

0.326455
4.234653

0.327171
4.200831

0.327260
4.190398

0.326699
4.153703

0.325433
4.122373

0.322913
4.080922

0.319244
4.036976

0.315101
3.994677

0.310214
3.947418

0.305982
3.890718

0.301943
3.799906

0.300639
3.744971

0.299734
3.691589

0.299302
3.662840

0.299363
3.658723

0.299421
3.668208

0.299382
3.661885

0.299444
3.657768

0.299126
3.634387

0.298906
3.613213

0.299011
3.588215

0.300069
3.559031

0.303292
3.512308

0.304831
3.495133

0.308403
3.459207

0.314058
3.411882

0.314518
3.410289

0.313786
3.414736

0.312787
3.422038

0.312697
3.422990

0.312338
3.426796

0.312338
3.426796

0.312338
3.426796

0.312338
3.426796

0.312338
3.426796

0.312338
3.426796

0.312338
3.426796

0.312338
3.426796

0.312427
3.425844

0.312338
3.426796

0.311881
3.428392

0.311702
3.430296

0.311702
3.430296

0.311702
3.430296

0.311702
3.430296

0.311702
3.430296

0.311702
3.430296

0.311702
3.430296

0.311523
3.432199

0.311077
3.436959

0.310090
3.444271

0.309825
3.447128

0.308931
3.453491

0.308843
3.454444

0.308843
3.454444

0.308843
3.454444

0.308843
3.454444

0.308843
3.454444

0.308843
3.454444

0.308843
3.454444

0.308843
3.454444

0.308843
3.454444

0.308843
3.454444

0.308843
3.454444

0.308843
3.454444

0.308843
3.454444

0.309736
3.448080

0.314246
3.413142

0.322787
3.357392

0.330846
3.303136

0.342940
3.223717

0.354750
3.143751

0.361492
3.096101

0.383269
2.957581

0.399131
2.871719

0.416697
2.791901

0.437784
2.715047

0.460766
2.638124

0.498336
2.527383

0.511384
2.492925

0.539782
2.422418

0.568912
2.353744

0.615664
2.256274

0.649972
2.194446

0.685993
2.137529

0.743441
2.056662

0.764154
2.030562

0.805381
1.981709

0.849731
1.935820

0.920467
1.874644

0.968929
1.840395

1.019576
1.810102

1.071807
1.784602

1.126670
1.764147

1.179039
1.749547

1.431893
1.747834

1.486147
1.762310

1.540486
1.781818

1.762619
1.935500

1.785530
1.956945

1.845694
2.018800

1.911934
2.104259

1.911934
2.104259

1.911934
2.104259

1.911934
2.104259

1.919446
2.116329

1.937070
2.152798

1.954760
2.202360

1.980542
2.299334

1.989194
2.343114

2.004922
2.439271

2.016267
2.534331

2.025083
2.627495

2.032802
2.723534

2.042707
2.868526

2.048028
2.963063

2.053852
3.110956

2.055245
3.160695

2.057919
3.257954

2.060719
3.353471

2.064467
3.501024

2.066883
3.598832

2.069193
3.694426

2.071259
3.790915

2.073324
3.888778

2.075409
3.985781

2.078156
4.083383

2.081101
4.180630

2.083160
4.279545

2.084841
4.376623

2.087202
4.571069

2.083401
5.327778

2.083257
5.325054

2.083257
5.325054

2.083257
5.325054

2.083257
5.325054

2.083257
5.325054

2.083084
5.334859

2.081798
5.375720

2.078698
5.438522

2.074595
5.503821

2.069142
5.581902

2.054984
5.770273

2.044968
5.906677

2.034518
6.043197

2.027371
6.133241

2.020341
6.215545

2.013329
6.291014

2.005792
6.369147

1.998168
6.449037

1.990901
6.534170

1.984418
6.618096

1.977663
6.714105

1.968901
6.848576

1.965766
6.894846

1.956007
7.025861

1.949840
7.107497

1.926561
7.513490

1.924597
7.559196

1.919467
7.683324

1.914929
7.827965

1.914404
7.842424

1.914748
7.834892

1.915342
7.824875

1.915635
7.821449

1.915592
7.822390

1.915592
7.822390

1.915592
7.822390

1.915342
7.824875

1.913795
7.843903

1.910378
7.874691

1.900725
7.926514

1.896728
7.942130

1.888538
7.966790

1.878328
7.984610

1.872046
7.990857

1.852344
7.993740

1.833880
7.971270

1.828267
7.960398

1.811303
7.917897

1.793850
7.865866

1.761581
7.773037

1.761960
7.773606

1.762062
7.774778

1.762062
7.774778

1.762062
7.774778

1.762062
7.774778

1.762062
7.774778

1.762062
7.774778

1.762062
7.774778

1.762315
7.775158

1.763072
7.776303

1.765091
7.779376

1.766352
7.781313

1.767133
7.781500

1.767537
7.781105

1.767915
7.781692

1.767789
7.781497

1.767511
7.782086

1.766756
7.786015

1.763699
7.813934

1.761525
7.854430

1.760880
7.912517

1.761398
7.938768

1.762029
7.955014

1.762128
7.956186

1.762128
7.956186

1.762128
7.956186

1.762128
7.956186

1.762128
7.956186

1.762128
7.956186

1.762128
7.956186

1.762128
7.956186

1.762128
7.956186

1.762957
7.979879

1.763446
8.017318

1.762817
8.064216

1.759990
8.130072

1.755717
8.190643

1.751302
8.232758

1.746169
8.264769

1.744012
8.273813

1.742537
8.279806

1.739694
8.286918

1.729689
8.304613

1.725797
8.310632

1.718456
8.319533

1.711301
8.326049

1.704918
8.330818

1.699407
8.334837

1.692192
8.340380

1.688521
8.343752

1.685714
8.346049

1.685714
8.346049

1.686071
8.346393

1.685952
8.346278

1.685952
8.346278

1.685952
8.346278

1.686323
8.345630

1.687184
8.344454

1.687317
8.343577

1.687317
8.343577

1.687184
8.344454

1.687051
8.345331

1.686478
8.351821

1.685650
8.368133

1.685359
8.398050

1.685479
8.450510

1.685628
8.465755

1.685655
8.463768

1.685578
8.460673

1.685592
8.459679

1.685592
8.459679

1.685592
8.459679

1.685592
8.459679

1.685592
8.459679

1.685592
8.459679

1.685592
8.459679

1.685592
8.459679

1.685628
8.465755

1.685511
8.491812

1.684508
8.531095

1.680080
8.600305

1.677919
8.623431

1.673648
8.658757

1.669044
8.685888

1.668678
8.687583

1.668678
8.687583

1.666167
8.705561

1.664634
8.719360

1.662087
8.753451

1.659009
8.842381

1.658659
8.900332

1.659452
8.945131

1.660791
8.979336

1.661265
8.987755

1.661366
8.988842

1.661668
8.992101

1.663866
9.017024

1.667440
9.047218

1.672063
9.090572

1.676074
9.135580

1.680108
9.193875

1.684025
9.275395

1.687145
9.372366

1.688812
9.469870

1.689193
9.617328

1.688320
9.714007

1.686654
9.809765

1.684497
9.906969

1.681906
10.001674

1.679090
10.094132

1.676033
10.186354

1.672847
10.277471

1.668010
10.416179

1.664679
10.507271

1.661217
10.598296

1.657907
10.689533

1.648415
10.962004

1.645056
11.052461

1.640200
11.189940

1.637164
11.278831

1.634065
11.371754

1.629644
11.510926

1.628196
11.557034

1.623838
11.694447

1.621051
11.784879

1.618215
11.877351

1.615416
11.971915

1.612839
12.062659

1.610295
12.155480

1.607708
12.248343

1.604072
12.383854

1.602898
12.431405

1.599510
12.574183

1.597559
12.668536

1.595713
12.763962

1.593815
12.860407

1.592022
12.956919

1.590489
13.051531

1.589055
13.145191

1.586972
13.291739

1.586313
13.340606

1.584592
13.483283

1.583536
13.580102

1.582640
13.678959

1.582047
13.776872

1.581538
13.871800

1.581178
13.966753

1.581035
14.064738

1.581070
14.210750

1.581139
14.309766

1.581278
14.406791

1.581723
14.551869

1.581824
14.599889

1.582255
14.748969

1.582583
14.847030

1.582746
14.896064

1.583229
15.041162

1.583481
15.136218

1.583729
15.233274

1.584104
15.330357

1.584538
15.428457

1.584901
15.527544

1.585473
15.671688

1.585681
15.721742

1.586175
15.866876

1.586522
15.961974

1.587059
16.111130

1.587258
16.159189

1.587591
16.256292

1.587980
16.353414

1.588495
16.499584

1.588685
16.547649

1.589126
16.694805

1.589312
16.743870

1.589861
16.891070

1.590221
16.990205

1.590396
17.093284

1.590518
17.241354

1.590579
17.289383

1.591288
17.422659

1.591914
17.521907

1.592477
17.621140

1.592864
17.719315

1.593085
17.813425

1.593409
17.911579

1.593951
18.010827

1.594488
18.109083

1.595237
18.250449

1.595760
18.388729

1.595899
18.485824

1.595771
18.580793

1.595428
18.676666

1.595090
18.772538

1.594863
18.866464

1.594756
18.950439

1.594733
19.052458

1.594877
19.104539

1.594992
19.137601

1.594988
19.140602

1.594991
19.138601

1.594994
19.135602

1.594998
19.132602

1.594998
19.132602

1.594996
19.134602

1.594987
19.141600

1.594899
19.169568

1.594394
19.241358

1.594389
19.245356

1.594389
19.245356

1.594389
19.245356

1.594389
19.245356

1.594387
19.246355

1.594313
19.264326

1.594040
19.319218

1.593645
19.390062

1.593148
19.462863

1.592533
19.553619

1.591537
19.721242

1.591229
19.822139

1.590965
19.933053

1.590809
20.039013

1.590606
20.193961

1.590214
20.291826

1.589284
20.393485

1.588705
20.438277

1.586560
20.554553

1.585807
20.586317

1.583971
20.645792

1.579516
20.758789

1.576028
20.834283

1.562338
21.161759

1.561269
21.202962

1.558563
21.335594

1.549956
22.169814

1.549916
22.175834

1.549999
22.167795

1.550038
22.161775

1.550036
22.158775

1.550035
22.157775

1.550035
22.157775

1.550035
22.157775

1.550035
22.157775

1.550037
22.159774

1.549643
22.219972

1.549214
22.288191

1.548876
22.355372

1.548604
22.441527

1.548528
22.545589

1.548632
22.695574

1.548720
22.741542

1.548946
22.884461

1.548953
22.983484

1.549037
23.118474

1.549073
23.156466

1.549157
23.246445

1.549127
23.260461

1.549122
23.255463

1.549153
23.242443

1.549146
23.234444

1.549137
23.225447

1.549131
23.218449

1.549169
23.213430

1.549165
23.208430

1.549165
23.208430

1.549165
23.208430

1.549123
23.210451

1.548700
23.218668

1.547809
23.232138

1.546441
23.241892

1.545024
23.244719

1.543858
23.241432

1.542903
23.234039

1.540517
23.187628

1.539784
23.156133

1.539358
23.128428

1.539191
23.101538

1.539159
23.109564

1.538959
23.121716

1.538835
23.125810

1.538750
23.126874

1.538579
23.128004

1.538492
23.128069

1.538449
23.128101

1.538404
23.127132

1.538449
23.128101

1.538450
23.129097

1.538501
23.134063

1.538510
23.141058

1.538473
23.145090

1.538473
23.145090

1.538558
23.144025

1.538471
23.144090

1.538430
23.145122

1.538342
23.144187

1.538299
23.144219

1.538300
23.145220

1.538343
23.145187

1.538345
23.146186

1.538343
23.145187

1.538343
23.145187

1.538343
23.145187

1.538343
23.145187

1.537998
23.145448

1.537955
23.145481

1.537955
23.145481

1.537955
23.145481

1.538001
23.147448

1.537923
23.153510

1.537882
23.155541

1.537842
23.157572

1.537885
23.157539

1.537884
23.156541

1.537841
23.156574

1.537798
23.156607

1.537842
23.157572

1.537842
23.157572

1.537842
23.157572

1.537842
23.157572

1.537844
23.158573

1.537844
23.158573

1.537845
23.159572

1.537845
23.159572

1.537759
23.159638

1.537629
23.159737

1.537586
23.159771

1.537542
23.158804

1.537498
23.158838

1.537497
23.157837

1.537497
23.157837

1.537500
23.159837

1.537461
23.162869

1.537337
23.166967

1.537296
23.167999

1.537296
23.167999

1.537296
23.167999

1.537162
23.165101

1.537067
23.159173

1.537065
23.158172

1.537065
23.158172

1.537019
23.156208

1.536829
23.144351

1.534255
23.047386

1.532679
23.013716

1.530943
22.990254

1.529181
22.978893

1.526918
22.980119

1.525887
22.987176

1.524779
22.999349

1.523682
23.016543

1.522811
23.036518

1.522281
23.053128

1.521962
23.066497

1.521532
23.089013

1.521344
23.102243

1.521231
23.110381

1.521235
23.112377

1.521233
23.111382

1.521233
23.111382

1.521233
23.111382

1.521233
23.111382

1.521233
23.111382

1.521233
23.111382

1.521233
23.111382

1.521233
23.111382

1.521233
23.111382

1.521233
23.111382

1.521233
23.111382

1.521233
23.111382

1.521233
23.111382

1.521233
23.111382

1.521233
23.111382

1.521233
23.111382

1.521233
23.111382

1.521233
23.111382

1.521233
23.111382

1.521233
23.111382

1.521233
23.111382

1.521233
23.111382

1.521233
23.111382

1.521233
23.111382

1.521233
23.111382

1.521233
23.111382

1.521233
23.111382

1.521233
23.111382

1.521233
23.111382

1.521233
23.111382

1.521233
23.111382

1.521233
23.111382

1.521233
23.111382

1.521233
23.111382

1.521233
23.111382

1.521233
23.111382

1.521233
23.111382

1.521233
23.111382

1.521233
23.111382

1.521233
23.111382

1.521233
23.111382

1.521233
23.111382

1.521233
23.111382

1.521233
23.111382

1.521233
23.111382

1.521233
23.111382

1.521233
23.111382

1.521233
23.111382

1.521233
23.111382

1.521233
23.111382

1.521233
23.111382

1.521233
23.111382

1.521233
23.111382

1.521233
23.111382

1.521233
23.111382

1.521233
23.111382

1.521233
23.111382

1.521233
23.111382

1.521233
23.111382

1.521233
23.111382

1.521233
23.111382

1.521233
23.111382

1.521233
23.111382

1.521233
23.111382

1.521233
23.111382

1.521233
23.111382

1.521233
23.111382

1.521233
23.111382

1.521233
23.111382

1.521233
23.111382

1.521233
23.111382

1.521233
23.111382

1.521233
23.111382

1.521233
23.111382

1.520661
23.167111

1.520390
23.201469

1.520009
23.263996

1.519661
23.340509

1.519478
23.393799

1.519053
23.472416

1.518416
23.569325

1.517829
23.667191

1.517282
23.762017

1.516702
23.858899

1.516049
24.012978

1.515944
24.113266

1.516036
24.208288

1.516366
24.299986

1.516785
24.395574

1.517250
24.495108

1.517664
24.591704

1.518073
24.687305

1.518525
24.785852

1.520351
25.126964

1.520741
25.222593

1.521084
25.316275

1.521644
25.461751

1.521895
25.510496

1.522387
25.603996

1.522960
25.701401

1.523780
25.851568

1.524190
25.950179

1.524477
26.045936

1.524726
26.186784

1.524948
26.269605

1.525102
26.336489

1.525228
26.387390

1.525332
26.425307

1.525413
26.450236

1.525428
26.459226

1.525423
26.456228

1.525423
26.456228

1.525423
26.456228

1.525423
26.456228

1.525423
26.456228

1.525426
26.458227

1.525464
26.480204

1.525525
26.538190

1.525597
26.602169

1.525605
26.673233

1.525541
26.768409

1.525395
26.924745

1.525308
27.026957

1.525172
27.122221

1.524994
27.213540

1.524715
27.308990

1.524369
27.407534

1.524062
27.506032

1.523782
27.597494

1.523504
27.688959

1.523070
27.835696

1.522670
27.937346

1.522306
28.036954

1.521977
28.135521

1.521682
28.231042

1.521354
28.327616

1.520873
28.475477

1.520520
28.574107

1.517320
29.429069

1.517343
29.423025

1.517338
29.420029

1.517338
29.420029

1.517338
29.420029

1.517338
29.420029

1.517338
29.420029

1.517313
29.425075

1.517243
29.461236

1.517090
29.526572

1.516906
29.592961

1.516511
29.709765

1.516325
29.755134

1.516045
29.840716

1.515809
29.949266

1.515743
30.004456

1.515713
30.042565

1.515702
30.054601

1.515726
30.049553

1.515741
30.039513

1.515795
30.032415

1.515817
30.026370

1.515872
30.020270

1.515872
30.020270

1.515872
30.020270

1.515778
30.023430

1.515423
30.030027

1.514511
30.041571

1.513088
30.047018

1.511343
30.041079

1.509875
30.024697

1.508402
29.990357

1.508111
29.978882

1.507780
29.964475

1.507861
29.971335

1.507893
29.986305

1.507866
30.005396

1.507825
30.017497

1.507804
30.023546

1.507802
30.022549

1.507802
30.022549

1.507827
30.018492

1.507872
30.008388

1.507891
29.985309

1.507533
29.926866

1.506646
29.872446

1.505911
29.842798

1.502668
29.761041

1.499606
29.720279

1.496286
29.701407

1.493157
29.705488

1.490482
29.727825

1.488283
29.762262

1.486680
29.803376

1.485643
29.841125

1.485161
29.872466

1.485079
29.878700

1.485109
29.877618

1.485109
29.877618

1.485109
29.877618

1.485109
29.877618

1.485109
29.877618

1.485109
29.877618

1.485109
29.877618

1.485109
29.877618

1.485109
29.877618

1.484903
29.969483

1.485092
30.035240

1.485793
30.152868

1.488255
30.443649

1.488947
30.541246

1.489487
30.682369

1.489547
30.729375

1.489541
30.825706

1.489478
30.925192

1.489342
31.070016

1.489278
31.168503

1.489182
31.267076

1.489021
31.364813

1.488824
31.460639

1.488697
31.558296

1.488542
31.657032

1.488416
31.754691

1.488291
31.852347

1.488166
31.998174

1.487981
32.144165

1.487921
32.193494

1.487830
32.291072

1.487714
32.438891

1.487655
32.536387

1.487561
32.631974

1.487442
32.729636

1.487263
32.827465

1.487118
32.926208

1.486972
33.072123

1.486915
33.121453

1.486830
33.219034

1.486662
33.367025

1.486601
33.414364

1.486456
33.511118

1.486259
33.658201

1.486117
33.755952

1.485923
33.855866

1.485693
33.952878

1.485234
34.098738

1.485092
34.147332

1.484664
34.292123

1.484356
34.390400

1.483993
34.488853

1.483660
34.587224

1.483319
34.681611

1.482956
34.778087

1.482602
34.877553

1.482244
34.974036

1.481944
35.070344

1.481509
35.214274

1.481249
35.313490

1.480985
35.410716

1.480634
35.506221

1.479969
35.654971

1.479627
35.752479

1.479464
35.798205

1.479096
35.939000

1.478905
36.028005

1.478774
36.150957

1.478753
36.186176

1.478722
36.228457

1.478747
36.216327

1.478801
36.205097

1.478813
36.199030

1.478813
36.199030

1.478856
36.193870

1.478921
36.186620

1.478988
36.180373

1.479128
36.169864

1.479128
36.169864

1.478873
36.178747

1.477970
36.194828

1.476960
36.201261

1.475539
36.199107

1.473927
36.187654

1.472531
36.174512

1.472531
36.174512

1.472531
36.174512

1.472531
36.174512

1.472531
36.174512

1.472531
36.174512

1.472531
36.174512

1.472531
36.174512

1.472531
36.174512

1.472531
36.174512

1.472531
36.174512

1.472531
36.174512

1.472445
36.173811

1.470993
36.170995

1.469130
36.170769

1.467213
36.170874

1.464768
36.171130

1.461950
36.168038

1.459147
36.161151

1.456440
36.150118

1.453773
36.135141

1.449708
36.111416

1.447098
36.098829

1.444548
36.088220

1.441869
36.081461

1.438994
36.074891

1.434864
36.062661

1.432387
36.051775

1.431187
36.045709

1.427238
36.018514

1.404952
35.902608

1.405039
35.903103

1.405039
35.903103

1.405039
35.903103

1.405039
35.903103

1.404979
35.902443

1.404434
35.900656

1.402867
35.891890

1.401084
35.879467

1.399056
35.863597

1.396418
35.839519

1.393615
35.811653

1.390923
35.784332

1.387207
35.741650

1.384698
35.708553

1.382138
35.666845

1.378530
35.596921

1.377425
35.573007

1.374141
35.498205

1.371852
35.449210

1.369467
35.400021

1.367203
35.348062

1.365060
35.293305

1.362914
35.234593

1.360642
35.170798

1.358392
35.112077

1.356221
35.057991

1.354011
35.008406

1.350883
34.944594

1.348983
34.909272

1.347127
34.876782

1.345239
34.844631

1.342759
34.804008

1.339358
34.750537

1.338699
34.740533

1.338177
34.733511

1.337719
34.727013

1.337260
34.720522

1.336933
34.716028

1.336738
34.713527

1.333159
34.654911

1.331478
34.622758

1.330710
34.606611

1.330675
34.605877

1.331513
34.619371

1.332617
34.636827

1.333517
34.650878

1.334312
34.662744

1.335141
34.675368

1.336074
34.690241

1.337305
34.709866

1.338160
34.722348

1.339022
34.735825

1.339709
34.745611

1.340132
34.751397

1.340292
34.753173

1.340292
34.753173

1.340292
34.753173

1.340292
34.753173

1.339508
34.742118

1.338924
34.734569

1.337264
34.708152

1.336283
34.694682

1.335398
34.682488

1.334478
34.669585

1.333285
34.655913

1.331518
34.636833

1.330560
34.627445

1.329867
34.622002

1.329734
34.620041

1.330405
34.626690

1.332027
34.645913

1.332481
34.651349

1.333710
34.665728

1.334616
34.676660

1.335585
34.688130

1.336491
34.699125

1.337264
34.708152

1.338551
34.723248

1.339420
34.733588

1.340032
34.740915

1.340414
34.744987

1.340449
34.745737

1.340449
34.745737

1.340449
34.745737

1.340449
34.745737

1.340449
34.745737

1.340449
34.745737

1.340477
34.745508

1.340574
34.746769

1.340574
34.746769

1.340602
34.746541

1.340540
34.746020

1.340526
34.744074

1.340431
34.738693

1.340209
34.718934

1.340041
34.685376

1.340343
34.616156

1.341083
34.558804

1.341748
34.516471

1.341994
34.500113

1.342113
34.486838

1.342352
34.385336

1.342331
34.311586

1.342024
34.182607

1.341892
34.132324

1.341727
34.028903

1.341695
33.927495

1.341833
33.832964

1.342214
33.742696

1.343201
33.611786

1.343955
33.539219

1.344647
33.479490

1.345282
33.433563

1.345775
33.397988

1.345820
33.395589

1.345721
33.403528

1.345590
33.415815

1.345549
33.423304

1.345511
33.426677

1.345527
33.424505

1.345558
33.420163

1.345558
33.420163

1.345558
33.420163

1.345565
33.421132

1.345558
33.420163

1.345572
33.422111

1.345523
33.419407

1.345523
33.419407

1.345307
33.414900

1.344877
33.405889

1.343248
33.383552

1.341185
33.365685

1.340061
33.359067

1.336604
33.345253

1.334576
33.341926

1.332831
33.339524

1.331398
33.337768

1.330052
33.335364

1.328532
33.326214

1.325992
33.300870

1.324112
33.277390

1.321644
33.242467

1.319025
33.204863

1.306680
33.065600

1.303992
33.040009

1.301495
33.019107

1.299314
33.002740

1.297006
32.986651

1.296570
32.983431

1.296466
32.982316

1.296674
32.984544

1.296836
32.985115

1.296902
32.985537

1.297006
32.986651

1.297073
32.987072

1.297073
32.987072

1.297073
32.987072

1.297073
32.987072

1.296977
32.986921

1.296636
32.983850

1.294101
32.963831

1.291934
32.946759

1.287928
32.922373

1.286420
32.912886

1.281673
32.881786

1.280001
32.868965

1.275415
32.826683

1.272661
32.797853

1.271281
32.783531

1.268603
32.760507

1.264577
32.741113

1.263207
32.738548

1.260183
32.737613

1.257130
32.740447

1.252570
32.747171

1.249644
32.750452

1.246777
32.750213

1.243763
32.745527

1.240719
32.738299

1.227449
32.684701

1.224497
32.670481

1.221599
32.655859

1.218652
32.643141

1.214103
32.622363

1.212582
32.615277

1.209663
32.600849

1.205253
32.577395

1.200893
32.559236

1.199417
32.554306

1.196395
32.544457

1.191962
32.530526

1.189096
32.518248

1.187611
32.510728

1.182990
32.486408

1.180065
32.473500

1.175771
32.460925

1.171921
32.452577

1.170781
32.449752

1.168717
32.445554

1.167839
32.442464

1.166342
32.438209

1.166576
32.438211

1.166823
32.439137

1.166921
32.438876

1.166961
32.439404

1.166961
32.439404

1.166961
32.439404

1.166961
32.439404

1.166961
32.439404

1.166933
32.439797

1.166564
32.437292

1.165257
32.427181

1.162796
32.396211

1.161975
32.382648

1.160082
32.339484

1.155899
32.009776

1.155887
32.008862

1.155887
32.008862

1.155868
32.002564

1.155647
31.964161

1.155101
31.917204

1.154708
31.888847

1.153555
31.813246

1.153089
31.784806

1.152895
31.773329

1.152479
31.738705

1.152001
31.677586

1.151424
31.575153

1.151077
31.518715

1.150606
31.458530

1.149708
31.375849

1.148495
31.278913

1.147292
31.190549

1.146141
31.101406

1.144268
30.958667

1.143029
30.867321

1.142399
30.822325

1.140571
30.687495

1.139425
30.599086

1.138290
30.507156

1.137210
30.412191

1.136170
30.315511

1.135109
30.217958

1.134023
30.124005

1.132395
29.993440

1.131315
29.908093

1.130250
29.814743

1.129390
29.720669

1.128809
29.630379

1.128216
29.488205

1.127875
29.390034

1.127516
29.293200

1.127168
29.199507

1.126760
29.099971

1.126472
29.000955

1.126335
28.904264

1.126322
28.808086

1.126248
28.708299

1.125952
28.613758

1.125341
28.516822

1.124631
28.421189

1.123517
28.278868

1.122841
28.185976

1.122148
28.087727

1.121402
27.989023

1.120633
27.893906

1.119969
27.802871

1.119255
27.706913

1.118216
27.558541

1.117586
27.465778

1.116577
27.322386

1.116249
27.274450

1.115508
27.178567

1.114712
27.082241

1.113606
26.939815

1.113235
26.892348

1.112489
26.797421

1.111738
26.700275

1.110948
26.605823

1.110084
26.512278

1.108794
26.367303

1.108017
26.272466

1.107097
26.179437

1.106103
26.085088

1.105032
25.989430

1.104058
25.896921

1.102972
25.803556

1.100794
25.615570

1.100310
25.569142

1.098989
25.430305

1.098180
25.330749

1.097565
25.245473

1.096998
25.158402

1.096217
25.036959

1.095789
24.959261

1.095348
24.861439

1.094172
24.538886

1.094161
24.483879

1.094328
24.382748

1.094507
24.234204

1.094519
24.184558

1.094242
24.047337

1.094012
24.001788

1.092741
23.871161

1.092116
23.829340

1.089776
23.709476

1.087667
23.622726

1.085297
23.538000

1.081555
23.417066

1.080346
23.378885

1.075251
23.221304

1.073019
23.144707

1.070803
23.063279

1.067370
22.929786

1.066372
22.884160

1.064686
22.798032

1.063202
22.710414

1.061800
22.620512

1.059831
22.483785

1.058575
22.390666

1.057951
22.343440

1.056617
22.249997

1.054578
22.111271

1.053222
22.020162

1.052536
21.973506

1.050417
21.831866

1.044865
21.461355

1.042691
21.321806

1.041145
21.229840

1.036483
20.952373

1.034931
20.862333

1.032611
20.724628

1.031034
20.631113

1.028829
20.491534

1.027459
20.398642

1.026745
20.351358

1.024682
20.207148

1.023343
20.114709

1.021913
20.019748

1.020427
19.925349

1.018091
19.781281

1.016581
19.679792

1.015276
19.590973

1.014718
19.550663

1.013319
19.465177

1.011683
19.376551

1.008901
19.230799

1.006368
19.095867

1.005565
19.051125

1.003921
18.957226

1.001410
18.817860

0.999738
18.726316

0.997148
18.588532

0.996286
18.541710

0.993631
18.401873

0.991791
18.311671

0.990933
18.265773

0.989081
18.174279

0.987273
18.080912

0.984540
17.943191

0.982701
17.852194

0.980826
17.762644

0.977914
17.621371

0.976038
17.531422

0.974989
17.484683

0.972116
17.350625

0.970049
17.257570

0.967957
17.160985

0.965911
17.069726

0.963862
16.980752

0.961710
16.891603

0.959383
16.800648

0.955897
16.665616

0.953591
16.575130

0.951344
16.484967

0.949086
16.393492

0.946739
16.304082

0.943141
16.168629

0.941945
16.123330

0.938377
15.990582

0.937154
15.945375

0.933430
15.811297

0.930946
15.723305

0.928408
15.633210

0.924612
15.501256

0.923310
15.456324

0.920683
15.366536

0.916674
15.233459

0.913969
15.143945

0.911221
15.055945

0.906874
14.926712

0.903801
14.839295

0.900788
14.752183

0.897716
14.668016

0.894577
14.581805

0.891314
14.494181

0.888002
14.408121

0.884880
14.324683

0.879882
14.195553

0.878166
14.152075

0.872973
14.026892

0.871151
13.985637

0.863928
13.817732

0.862107
13.776060

0.858376
13.693508

0.852618
13.569619

0.848625
13.485309

0.846662
13.443278

0.840900
13.320483

0.837077
13.237034

0.833252
13.155933

0.827029
13.031248

0.822968
12.952022

0.806293
12.623905

0.802028
12.543687

0.797655
12.461572

0.793053
12.377560

0.788388
12.298056

0.783836
12.220941

0.779284
12.143372

0.774553
12.061829

0.767571
11.939981

0.763833
11.870840

0.759600
11.787150

0.758465
11.763452

0.756621
11.722320

0.755332
11.690223

0.753914
11.658190

0.753328
11.643551

0.752998
11.634477

0.752740
11.628915

0.752736
11.627502

0.752736
11.627502

0.752736
11.627502

0.752736
11.627502

0.752736
11.627502

0.752736
11.627502

0.752736
11.627502

0.752736
11.627502

0.752736
11.627502

0.752736
11.627502

0.752736
11.627502

0.752736
11.627502

0.752736
11.627502

0.752736
11.627502

0.752736
11.627502

0.752736
11.627502

0.752736
11.627502

0.752736
11.627502

0.752736
11.627502

0.752736
11.627502

0.752736
11.627502

0.752736
11.627502

0.752736
11.627502

0.752736
11.627502

0.752736
11.627502

0.752736
11.627502

0.752736
11.627502

0.752736
11.627502

0.752736
11.627502

0.752736
11.627502

0.752736
11.627502

0.752736
11.627502

0.752736
11.627502

0.752736
11.627502

0.752736
11.627502

0.752736
11.627502

0.752736
11.627502

0.752736
11.627502

0.752736
11.627502

0.752736
11.627502

0.752736
11.627502

0.752736
11.627502

0.752736
11.627502

0.752736
11.627502

0.752736
11.627502

0.752736
11.627502

0.752736
11.627502

0.752736
11.627502

0.752736
11.627502

0.752736
11.627502

0.752736
11.627502

0.752736
11.627502

0.752736
11.627502

0.752539
11.622624

0.751022
11.582888

0.748496
11.518833

0.744232
11.425919

0.726067
11.114061

0.721668
11.036299

0.716744
10.956976

0.711178
10.880508

0.705164
10.807540

0.695635
10.704144

0.688924
10.636972

0.682188
10.569509

0.671907
10.471024

0.668428
10.439643

0.661331
10.376649

0.650465
10.281449

0.643208
10.219000

0.635644
10.156713

0.628206
10.095381

0.620643
10.036822

0.612804
9.976300

0.604952
9.916968

0.597173
9.859379

0.589276
9.801006

0.576953
9.714503

0.569428
9.661493

0.563085
9.617882

0.555586
9.566948

0.553774
9.555038

0.550707
9.535826

0.548380
9.522246

0.547753
9.518599

0.547753
9.518599

0.547753
9.518599

0.547753
9.518599

0.547753
9.518599

0.547753
9.518599

0.547753
9.518599

0.547753
9.518599

0.547753
9.518599

0.547753
9.518599

0.547753
9.518599

0.547753
9.518599

0.547753
9.518599

0.547753
9.518599

0.547753
9.518599

0.547753
9.518599

0.547753
9.518599

0.547753
9.518599

0.547753
9.518599

0.547753
9.518599

0.547753
9.518599

0.547753
9.518599

0.547753
9.518599

0.547753
9.518599

0.547753
9.518599

0.547753
9.518599

0.547753
9.518599

0.547753
9.518599

0.547753
9.518599

0.547753
9.518599

0.547753
9.518599

0.547753
9.518599

0.547753
9.518599

0.547753
9.518599

0.547753
9.518599

0.547753
9.518599

0.547753
9.518599

0.547753
9.518599

0.547753
9.518599

0.547753
9.518599

0.547753
9.518599

0.547753
9.518599

0.547753
9.518599

0.547753
9.518599

0.547753
9.518599

0.547753
9.518599

0.547753
9.518599

0.547753
9.518599

0.547753
9.518599

0.547663
9.518078

0.544733
9.502311

0.535231
9.454158

0.528846
9.424478

0.521366
9.388336

0.511736
9.340568

0.501589
9.290393

0.491905
9.244018

0.478306
9.183623

0.473896
9.163888

0.459912
9.099519

0.450305
9.050173

0.441179
8.997525

0.432244
8.944657

0.423249
8.891600

0.414283
8.836525

0.406461
8.786906

0.397761
8.728423

0.394102
8.701002

0.391735
8.682733

0.390952
8.675602

0.391397
8.679358

0.391735
8.682733

0.392010
8.684803

0.392010
8.684803

0.392010
8.684803

0.392010
8.684803

0.392010
8.684803

0.392010
8.684803

0.392010
8.684803

0.392010
8.684803

0.392010
8.684803

0.392010
8.684803

0.392010
8.684803

0.392010
8.684803

0.392010
8.684803

0.392010
8.684803

0.392010
8.684803

0.392010
8.684803

0.392010
8.684803

0.392010
8.684803

0.392010
8.684803

0.392010
8.684803

0.392010
8.684803

0.392010
8.684803

0.392010
8.684803

0.392010
8.684803

0.392010
8.684803

0.392010
8.684803

0.392010
8.684803

0.392010
8.684803

0.392010
8.684803

0.392010
8.684803

0.392010
8.684803

0.392010
8.684803

0.392010
8.684803

0.392010
8.684803

0.392010
8.684803

0.392010
8.684803

0.392010
8.684803

0.392010
8.684803

0.392010
8.684803

0.392010
8.684803

0.392010
8.684803

0.392010
8.684803

0.392010
8.684803

0.392010
8.684803

0.392010
8.684803

0.392010
8.684803

0.392010
8.684803

0.392010
8.684803

0.392010
8.684803

0.392010
8.684803

0.392010
8.684803

0.375631
8.531874

0.370274
8.475393

0.364307
8.414217

0.356721
8.338965

0.344201
8.226525

0.332260
8.124340

0.328162
8.088640

0.319384
8.016396

0.306164
7.912980

0.297318
7.844157

0.288759
7.774896

0.280600
7.702239

0.272302
7.625984

0.263929
7.551490

0.255391
7.477536

0.246714
7.407292

0.237804
7.335436

0.224071
7.227686

0.214773
7.155397

0.205591
7.083168

0.195801
7.010965

0.185357
6.939876

0.174217
6.871009

0.163530
6.805798

0.153022
6.737730

0.139529
6.629428

0.132854
6.552744

0.127596
6.467577

0.123693
6.370673

0.121271
6.274079

0.120465
5.866515

0.120742
5.836493

0.121646
5.768629

0.122065
5.740715

0.122086
5.739722

0.122086
5.739722

0.122086
5.739722

0.122086
5.739722

0.122086
5.739722

0.122086
5.739722

0.122086
5.739722

0.122086
5.739722

0.122086
5.739722

0.122086
5.739722

0.122086
5.739722

0.122086
5.739722

0.122086
5.739722

0.122086
5.739722

0.122086
5.739722

0.122086
5.739722

0.122086
5.739722

0.122086
5.739722

0.122086
5.739722

0.122086
5.739722

0.122086
5.739722

0.122086
5.739722

0.122086
5.739722

0.122086
5.739722

0.122086
5.739722

0.122086
5.739722

0.122086
5.739722

0.122086
5.739722

0.122086
5.739722

0.122086
5.739722

0.122086
5.739722

0.122086
5.739722

0.122086
5.739722

0.122086
5.739722

0.122086
5.739722

0.122086
5.739722

0.122213
5.733767

0.123003
5.688982

0.123914
5.623115

0.123817
5.530338

0.123153
5.470432

0.122526
5.424668

0.122008
5.390068

0.121520
5.337360

0.121191
5.252525

0.120883
5.108277

0.120653
5.059784

0.120205
4.961804

0.118431
4.815733

0.115735
4.719573

0.111374
4.624653

0.104300
4.533637

0.094441
4.453847

0.081132
4.380409

0.064904
4.317090

0.048719
4.271068

0.027659
4.230618

0.016602
4.216581

0.006416
4.208087

-0.010483
4.197231

-0.032963
4.187275

-0.065437
4.174935

-0.084317
4.167806

-0.100888
4.160154

-0.115631
4.151725

-0.132201
4.142143

-0.132201
4.142143

-0.132201
4.142143

-0.132201
4.142143

-0.132201
4.142143

-0.132201
4.142143

-0.132201
4.142143

-0.132201
4.142143

-0.132201
4.142143

-0.132201
4.142143

-0.132201
4.142143

-0.132201
4.142143

-0.132201
4.142143

-0.132201
4.142143

-0.132201
4.142143

-0.132201
4.142143

-0.132201
4.142143

-0.132201
4.142143

-0.132201
4.142143

-0.132201
4.142143

-0.132201
4.142143

-0.132201
4.142143

-0.132201
4.142143

-0.132201
4.142143

-0.132201
4.142143

-0.132201
4.142143

-0.132201
4.142143

-0.132201
4.142143

-0.132201
4.142143

-0.132440
4.142275

-0.132440
4.142275

-0.132440
4.142275

-0.132201
4.142143

-0.132201
4.142143

-0.132711
4.141416

-0.132950
4.141549

-0.133701
4.140956

-0.135713
4.139058

-0.135952
4.139193

-0.137487
4.137039

-0.141863
4.130494

-0.147114
4.120509

-0.152371
4.104556

-0.157060
4.085284

-0.160415
4.063166

-0.162662
4.032226

-0.162896
4.014140

-0.162768
4.004935

-0.161017
3.979476

-0.158924
3.961928

-0.156140
3.941954

-0.151893
3.919123

-0.142845
3.877492

-0.139224
3.862372

-0.127669
3.817066

-0.118652
3.784609

-0.109066
3.748272

-0.099374
3.709300

-0.090117
3.666879

-0.082866
3.624437

-0.075482
3.567157

-0.072133
3.538201

-0.070721
3.523808

-0.070721
3.523808

-0.071186
3.528938

-0.071670
3.533070

-0.071670
3.533070

-0.071670
3.533070

-0.071670
3.533070

-0.072615
3.542335

-0.074552
3.557883

-0.076665
3.577508

-0.078799
3.595156

-0.080658
3.611742

-0.081811
3.622115

-0.081834
3.621118

-0.081834
3.621118

-0.081834
3.621118

-0.081834
3.621118

-0.081834
3.621118

-0.081834
3.621118

-0.081834
3.621118

-0.081811
3.622115

-0.081811
3.622115

-0.081811
3.622115

-0.083210
3.633572

-0.086336
3.664650

-0.090049
3.703003

-0.093419
3.741313

-0.097701
3.793089

-0.098859
3.809601

-0.102121
3.855084

-0.104203
3.884068

-0.105654
3.906785

-0.106627
3.918253

-0.106600
3.919247

-0.106600
3.919247

-0.106600
3.919247

-0.106600
3.919247

-0.106573
3.920241

-0.106573
3.920241

-0.106573
3.920241

-0.106600
3.919247

-0.105627
3.907779

-0.103205
3.882659

-0.098737
3.844726

-0.091877
3.792998

-0.083052
3.736881

-0.067971
3.651432

-0.057105
3.591855

-0.045565
3.534669

-0.034766
3.481104

-0.021142
3.405761

-0.017449
3.381515

-0.012570
3.341264

-0.010268
3.311175

-0.009975
3.308165

-0.009975
3.308165

-0.009975
3.308165

-0.009979
3.307165

-0.007929
3.279103

-0.003406
3.230019

0.002852
3.156013

0.007764
3.091093

0.007764
3.091093

0.007764
3.091093

0.015271
3.012351

0.021353
2.950673

0.031295
2.844393

0.035418
2.795753

0.043838
2.692587

0.055346
2.548903

0.063890
2.459017

0.074111
2.363488

0.085706
2.266319

0.097655
2.174360

0.110127
2.083622

0.123981
1.989269

0.139284
1.894346

0.155305
1.803709

0.172742
1.710456

0.204383
1.571713

0.216397
1.527628

0.258017
1.395184

0.290579
1.308870

0.328729
1.223515

0.394721
1.097385

0.446067
1.017568

0.506995
0.939136

0.579037
0.866199

0.661481
0.800929

0.759616
0.740587

0.941447
0.664267

1.155696
0.617435

1.394204
0.603384

1.557768
0.614052

1.707595
0.637960

1.841346
0.673499

1.964416
0.722231

2.332078
1.026310

2.358183
1.067026

2.421567
1.179853

2.451173
1.245170

2.480949
1.318394

2.488537
1.339661

2.487767
1.336671

2.480815
1.319797

2.478277
1.312258

2.477338
1.310682

2.476867
1.309895

2.476396
1.309108

2.471425
1.297661

2.468543
1.292964

2.466610
1.289839

2.470111
1.293906

2.475019
1.300346

2.483099
1.307347

2.502783
1.321615

2.535953
1.336758

2.610958
1.349588

2.635502
1.349117

2.721774
1.337112

2.792692
1.316309

2.865956
1.289683

2.936100
1.259499

3.008015
1.223902

3.121870
1.166227

-3.084916
1.129813

-3.012715
1.097098

-2.957670
1.077168

-2.933040
1.072234

-2.937795
1.072189

-2.936882
1.072392

-2.936882
1.072392

-2.936882
1.072392

-2.954416
1.074773

-2.960075
1.074656

-2.959159
1.074837

-2.959159
1.074837

-2.956245
1.074402

-2.936728
1.076511

-2.902863
1.086823

-2.861567
1.114408

-2.812800
1.167542

-2.756610
1.286139

-2.739200
1.366116

-2.731630
1.450167

-2.732133
1.552321

-2.739319
1.655123

-2.751110
1.749709

-2.774153
1.890169

-2.782460
1.937616

-2.810539
2.073595

-2.830972
2.159338

-2.852952
2.244866

-2.886073
2.369947

-2.896211
2.408136

-2.916242
2.483801

-2.936245
2.564889

-2.954833
2.655170

-2.974495
2.783773

-2.982716
2.856982

-2.988186
2.912199

-2.991211
2.950297

-2.992753
2.973880

-2.992902
2.976847

-2.992703
2.972891

-2.992553
2.969924

-2.992553
2.969924

-2.992603
2.970913

-2.990628
2.978880

-2.988002
2.987165

-2.976717
3.009817

-2.958253
3.027744

-2.948987
3.030029

-2.943550
3.029210

-2.941801
3.028237

-2.941801
3.028237

-2.941801
3.028237

-2.941801
3.028237

-2.941801
3.028237

-2.941801
3.028237

-2.941801
3.028237

-2.941477
3.028436

-2.936224
3.025580

-2.907587
3.005925

-2.896452
2.995558

-2.858178
2.953840

-2.827760
2.915395

-2.798616
2.875474

-2.772852
2.840964

-2.756941
2.822222

-2.756151
2.822046

-2.757074
2.823149

-2.757074
2.823149

-2.757074
2.823149

-2.757074
2.823149

-2.757074
2.823149

-2.757074
2.823149

-2.757074
2.823149

-2.757074
2.823149

-2.757074
2.823149

-2.757074
2.823149

-2.757074
2.823149

-2.757074
2.823149

-2.757074
2.823149

-2.757074
2.823149

-2.757074
2.823149

-2.757074
2.823149

-2.757074
2.823149

-2.757074
2.823149

-2.757074
2.823149

-2.757074
2.823149

-2.757996
2.824254

-2.760495
2.825726

-2.763779
2.827407

-2.766730
2.829484

-2.771250
2.832000

-2.774723
2.832489

-2.775053
2.832130

-2.773481
2.831700

-2.772036
2.832209

-2.772036
2.832209

-2.771707
2.832571

-2.770190
2.835314

-2.766044
2.846373

-2.757049
2.897614

-2.754448
2.937394

-2.754578
2.967474

-2.755865
2.987507

-2.756811
2.997150

-2.756811
2.997150

-2.758741
3.008830

-2.764453
3.033165

-2.772820
3.054342

-2.785373
3.073980

-2.791712
3.080645

-2.794596
3.081673

-2.792351
3.083121

-2.791741
3.083806

-2.792351
3.083121

-2.793127
3.077994

-2.793516
3.075432

-2.793432
3.077653

-2.793543
3.078593

-2.793016
3.077055

-2.793432
3.077653

-2.794264
3.078851

-2.794570
3.078511

-2.794570
3.078511

-2.796270
3.072374

-2.797559
3.065641

-2.797362
3.066919

-2.797362
3.066919

-2.797362
3.066919

-2.797362
3.066919

-2.797362
3.066919

-2.797362
3.066919

-2.797362
3.066919

-2.797362
3.066919

-2.796969
3.069477

-2.795096
3.080053

-2.787713
3.110757

-2.774714
3.161385

-2.759700
3.214575

-2.743530
3.268556

-2.721634
3.338056

-2.709598
3.377260

-2.699986
3.409043

-2.690940
3.441599

-2.688180
3.451775

-2.688575
3.450001

-2.689230
3.447789

-2.688969
3.448226

-2.688969
3.448226

-2.688441
3.451337

-2.684783
3.466434

-2.680893
3.488728

-2.677818
3.518677

-2.675064
3.570568

-2.674874
3.640336

-2.677222
3.713215

-2.682184
3.797771

-2.688989
3.887418

-2.695764
3.965625

-2.702871
4.037358

-2.714145
4.139438

-2.720683
4.197355

-2.725904
4.244464

-2.729021
4.274676

-2.730638
4.288023

-2.730451
4.286188

-2.730078
4.282522

-2.729891
4.280688

-2.729891
4.280688

-2.729891
4.280688

-2.729891
4.280688

-2.729891
4.280688

-2.729985
4.281605

-2.730078
4.282522

-2.730358
4.285271

-2.730796
4.292088

-2.730796
4.292088

-2.730852
4.287623

-2.731093
4.284990

-2.730638
4.288023

-2.730397
4.290654

-2.729516
4.294488

-2.729395
4.295805

-2.729395
4.295805

-2.729395
4.295805

-2.729395
4.295805

-2.729395
4.295805

-2.729395
4.295805

-2.729395
4.295805

-2.729395
4.295805

-2.729182
4.296205

-2.728090
4.300445

-2.723227
4.317354

-2.713287
4.341129

-2.700264
4.368577

-2.687719
4.392742

-2.674906
4.414019

-2.659507
4.438902

-2.634234
4.482679

-2.618683
4.515392

-2.600609
4.561349

-2.572439
4.650046

-2.563901
4.680532

-2.548442
4.740809

-2.526035
4.831887

-2.511714
4.889254

-2.496153
4.952209

-2.481617
5.013880

-2.460130
5.111683

-2.453224
5.145779

-2.440326
5.217102

-2.427616
5.291335

-2.415291
5.363576

-2.364012
5.698748

-2.353255
5.774259

-2.342901
5.851119

-2.332810
5.927175

-2.318040
6.043090

-2.308348
6.120650

-2.299006
6.198025

-2.294483
6.237241

-2.281385
6.357702

-2.273071
6.438517

-2.264651
6.520665

-2.256441
6.603264

-2.248411
6.684889

-2.236477
6.808675

-2.229040
6.891950

-2.221639
6.973588

-2.214297
7.055000

-2.206678
7.139408

-2.195878
7.264632

-2.189116
7.347329

-2.182393
7.429781

-2.175853
7.513952

-2.169457
7.598438

-2.163095
7.682669

-2.156800
7.768037

-2.150711
7.852870

-2.144715
7.936605

-2.135900
8.067179

-2.132911
8.111048

-2.124686
8.237653

-2.121985
8.281461

-2.113865
8.415808

-2.108674
8.502584

-2.101146
8.635220

-2.096271
8.721678

-2.091435
8.809205

-2.054410
9.542309

-2.054410
9.542309

-2.054410
9.542309

-2.054410
9.542309

-2.054410
9.542309

-2.054216
9.545851

-2.051451
9.598592

-2.048291
9.657162

-2.046772
9.685595

-2.041614
9.792441

-2.037295
9.883014

-2.032830
9.976007

-2.028711
10.063812

-2.024794
10.149091

-2.018702
10.284504

-2.016822
10.329555

-2.013408
10.417910

-2.006466
10.599086

-2.004694
10.644368

-2.001233
10.734126

-1.997867
10.823099

-1.992727
10.959113

-1.989342
11.049810

-1.986013
11.140632

-1.982855
11.231059

-1.979747
11.321597

-1.976609
11.411847

-1.973565
11.503521

-1.970536
11.596219

-1.967509
11.687714

-1.964641
11.778774

-1.960404
11.916006

-1.957721
12.007679

-1.955155
12.099811

-1.951227
12.240108

-1.948758
12.332438

-1.946430
12.424280

-1.944020
12.519912

-1.941614
12.611163

-1.939315
12.702845

-1.936966
12.797395

-1.934606
12.890724

-1.931148
13.028803

-1.928853
13.120083

-1.927691
13.166683

-1.925463
13.260288

-1.922099
13.399361

-1.918987
13.540546

-1.917939
13.588577

-1.915939
13.681859

-1.913898
13.774859

-1.911861
13.868858

-1.908933
14.011404

-1.906919
14.104266

-1.899492
14.479154

-1.897711
14.573867

-1.895910
14.670521

-1.893422
14.811165

-1.891720
14.906033

-1.889290
15.047778

-1.888462
15.095258

-1.886905
15.189610

-1.884462
15.333121

-1.882954
15.427565

-1.881444
15.522997

-1.879953
15.618464

-1.878438
15.712708

-1.876961
15.806035

-1.875523
15.901604

-1.874103
15.997205

-1.872599
16.091289

-1.871171
16.185705

-1.869783
16.282359

-1.868330
16.376545

-1.866046
16.516684

-1.864652
16.610001

-1.863239
16.705265

-1.861786
16.800274

-1.860382
16.893403

-1.858289
17.034117

-1.856947
17.129528

-1.855747
17.224572

-1.854505
17.319360

-1.853229
17.417055

-1.851959
17.511621

-1.850687
17.607174

-1.849445
17.701794

-1.848286
17.795753

-1.847131
17.893858

-1.845494
18.038305

-1.839670
18.464415

-1.839086
18.511225

-1.838081
18.605655

-1.836679
18.750888

-1.836251
18.799482

-1.834253
18.980925

-1.833284
19.060886

-1.832358
19.130689

-1.831640
19.186012

-1.831164
19.228075

-1.831044
19.236773

-1.831151
19.229041

-1.831127
19.226852

-1.831127
19.226852

-1.831127
19.226852

-1.831127
19.226852

-1.831151
19.229041

-1.831084
19.233874

-1.830650
19.273042

-1.829878
19.364272

-1.829151
19.456736

-1.828521
19.542439

-1.827742
19.639758

-1.826983
19.736121

-1.826244
19.831528

-1.825561
19.927196

-1.824907
20.025060

-1.824285
20.120999

-1.823704
20.218163

-1.823045
20.317990

-1.822405
20.412732

-1.821782
20.510639

-1.821165
20.608550

-1.817858
21.189414

-1.817602
21.235485

-1.816933
21.357700

-1.816339
21.486477

-1.816385
21.478473

-1.816419
21.467319

-1.816419
21.471440

-1.816339
21.486477

-1.816011
21.559962

-1.815887
21.595372

-1.815775
21.613320

-1.815797
21.615503

-1.815786
21.608227

-1.815820
21.605316

-1.815820
21.605316

-1.815820
21.605316

-1.815820
21.605316

-1.815741
21.628601

-1.815451
21.686811

-1.815140
21.755206

-1.814719
21.829189

-1.814237
21.925488

-1.813716
22.029801

-1.813276
22.127323

-1.812078
22.368971

-1.811412
22.513583

-1.811153
22.562602

-1.810478
22.709173

-1.810276
22.757463

-1.809622
22.903073

-1.809174
23.000397

-1.808781
23.096991

-1.808402
23.192616

-1.808070
23.292601

-1.807538
23.437740

-1.806794
23.629986

-1.805759
23.925400

-1.805346
24.022761

-1.804735
24.166268

-1.804310
24.265586

-1.803830
24.366625

-1.803383
24.464750

-1.802966
24.559959

-1.802526
24.658091

-1.801507
24.852487

-1.801095
24.948690

-1.800418
25.095695

-1.800186
25.142599

-1.799689
25.240310

-1.798771
25.433051

-1.794597
26.228105

-1.794597
26.228105

-1.794597
26.228105

-1.794589
26.229081

-1.794547
26.233955

-1.794357
26.273847

-1.793950
26.339093

-1.793462
26.404878

-1.792914
26.482594

-1.792015
26.634049

-1.791762
26.686855

-1.790690
26.929444

-1.790264
27.022166

-1.789697
27.114030

-1.788713
27.257645

-1.788433
27.306136

-1.787910
27.403339

-1.787229
27.548720

-1.786715
27.645938

-1.786240
27.743380

-1.785748
27.838662

-1.784892
27.985949

-1.784047
28.128159

-1.781457
28.564475

-1.780871
28.662127

-1.780304
28.757833

-1.779721
28.851383

-1.778595
28.995770

-1.775636
29.270948

-1.774730
29.364510

-1.774326
29.412090

-1.773662
29.507095

-1.772848
29.654258

-1.772384
29.751471

-1.771924
29.848690

-1.771434
29.945719

-1.770695
30.090194

-1.769924
30.235466

-1.769714
30.282132

-1.769277
30.373308

-1.768597
30.517046

-1.768391
30.563719

-1.767757
30.696493

-1.767130
30.844575

-1.766929
30.891257

-1.766508
30.982471

-1.766096
31.072709

-1.765668
31.155698

-1.765341
31.233189

-1.765090
31.298913

-1.764947
31.363254

-1.764930
31.386593

-1.764938
31.400909

-1.764938
31.400909

-1.764938
31.400909

-1.764938
31.400909

-1.764938
31.400909

-1.764938
31.400909

-1.764938
31.400909

-1.764938
31.400909

-1.764938
31.400909

-1.764938
31.400909

-1.764938
31.400909

-1.764938
31.400909

-1.764938
31.400909

-1.764938
31.400909

-1.764938
31.400909

-1.764938
31.400909

-1.764938
31.400909

-1.764938
31.400909

-1.764938
31.400909

-1.764938
31.400909

-1.764938
31.400909

-1.764938
31.400909

-1.764938
31.400909

-1.764938
31.400909

-1.764938
31.400909

-1.764938
31.400909

-1.764938
31.400909

-1.764938
31.400909

-1.764938
31.400909

-1.764938
31.400909

-1.764938
31.400909

-1.764938
31.400909

-1.764938
31.400909

-1.764938
31.400909

-1.764938
31.400909

-1.764938
31.400909

-1.764938
31.400909

-1.764938
31.400909

-1.764938
31.400909

-1.764938
31.400909

-1.764957
31.408163

-1.765008
31.477781

-1.765045
31.534063

-1.765014
31.596038

-1.764378
31.781636

-1.764222
31.817346

-1.763911
31.883679

-1.763624
31.946083

-1.763327
32.010453

-1.762969
32.106023

-1.762803
32.170181

-1.762510
32.239660

-1.762188
32.303850

-1.761853
32.359813

-1.761487
32.410490

-1.760110
32.563794

-1.759774
32.594281

-1.758942
32.672583

-1.758480
32.714499

-1.758119
32.749918

-1.757889
32.779020

-1.757729
32.801436

-1.757559
32.830913

-1.757287
32.894357

-1.756885
33.007868

-1.756514
33.083911

-1.755664
33.234292

-1.755123
33.374363

-1.755007
33.422467

-1.754638
33.554435

-1.754466
33.634730

-1.754360
33.675771

-1.753734
33.817290

-1.752878
33.963451

-1.752593
34.010477

-1.751648
34.153006

-1.751275
34.200489

-1.749289
34.436102

-1.747480
34.619965

-1.746517
34.710511

-1.745520
34.802888

-1.744534
34.894315

-1.743553
34.985777

-1.742521
35.076928

-1.741396
35.164480

-1.739713
35.297371

-1.739127
35.341522

-1.736477
35.513308

-1.735003
35.596836

-1.729210
35.929886

-1.728075
36.014523

-1.727011
36.103622

-1.723531
36.472590

-1.722484
36.616452

-1.721892
36.712275

-1.720758
37.001273

-1.720501
37.097932

-1.720279
37.192766

-1.720134
37.289034

-1.720013
37.386446

-1.719984
37.534934

-1.720025
37.632242

-1.720171
37.730151

-1.720489
37.878597

-1.721674
38.315276

-1.722005
38.411282

-1.722304
38.508126

-1.722730
38.652260

-1.723034
38.747136

-1.723354
38.844147

-1.723676
38.940174

-1.724639
39.187825

-1.724962
39.262653

-1.725127
39.299081

-1.725613
39.397197

-1.725899
39.454624

-1.726235
39.518448

-1.726553
39.593297

-1.726877
39.666174

-1.727304
39.764011

-1.727544
39.825251

-1.727758
39.899490

-1.727808
40.065852

-1.727036
40.320123

-1.727001
40.348249

-1.726908
40.442818

-1.726905
40.501510

-1.726905
40.553132

-1.726890
40.595554

-1.726912
40.622017

-1.726884
40.661321

-1.726796
40.684040

-1.726426
40.741393

-1.725769
40.809066

-1.725038
40.877281

-1.724283
40.939284

-1.723538
40.999332

-1.722533
41.076974

-1.720873
41.220331

-1.719995
41.312964

-1.719358
41.401032

-1.718863
41.490987

-1.718416
41.588317

-1.717999
41.684813

-1.717655
41.781759

-1.717387
41.878151

-1.717047
42.029697

-1.716945
42.079600

-1.716752
42.231031

-1.716629
42.328304

-1.716510
42.424595

-1.716258
42.566545

-1.716145
42.613336

-1.715876
42.705648

-1.715396
42.853232

-1.715133
42.951631

-1.714904
43.047209

-1.714586
43.190725

-1.714469
43.239506

-1.714211
43.337916

-1.713953
43.436333

-1.713634
43.581837

-1.713412
43.677430

-1.713249
43.776420

-1.712863
44.070997

-1.712655
44.163626

-1.712269
44.311700

-1.712025
44.409144

-1.711826
44.506873

-1.711584
44.604323

-1.711327
44.699656

-1.711052
44.793859

-1.710832
44.892446

-1.710641
44.989199

-1.710365
45.134890

-1.710111
45.231223

-1.709964
45.278762

-1.709589
45.421786

-1.709440
45.513736

-1.709298
45.610769

-1.709074
45.836517

-1.709034
45.878667

-1.709021
46.013868

-1.709077
46.104087

-1.709229
46.213101

-1.709379
46.300903

-1.709384
46.364539

-1.709345
46.420829

-1.709295
46.444740

-1.709237
46.478687

-1.709208
46.495665

-1.709211
46.494675

-1.709201
46.490577

-1.708888
46.675325

-1.708891
46.674336

-1.708900
46.671366

-1.708900
46.671366

-1.708900
46.671366

-1.708900
46.671366

-1.708891
46.674336

-1.708814
46.700089

-1.708495
46.749505

-1.707741
46.836495

-1.707264
46.888939

-1.706844
46.929642

-1.706511
46.962829

-1.706321
46.983814

-1.705977
47.020974

-1.705159
47.096489

-1.704905
47.118076

-1.704386
47.157165

-1.703145
47.233069

-1.702642
47.260172

-1.700482
47.369787

-1.699832
47.405105

-1.698356
47.486817

-1.696246
47.602077

-1.694935
47.673869

-1.693590
47.744501

-1.692911
47.778794

-1.691499
47.845109

-1.689209
47.944736

-1.687682
48.010592

-1.686206
48.074809

-1.684729
48.141115

-1.683210
48.209288

-1.681044
48.307278

-1.679538
48.374727

-1.678034
48.443279

-1.676582
48.509167

-1.674375
48.610525

-1.672908
48.678560

-1.671467
48.745800

-1.670031
48.813145

-1.668641
48.879792

-1.667190
48.948233

-1.665664
49.015400

-1.664068
49.078327

-1.662396
49.129965

-1.660690
49.168529

-1.658816
49.200465

-1.655875
49.237092

-1.653953
49.253193

-1.652001
49.263334

-1.650015
49.269517

-1.647999
49.269758

-1.645020
49.261632

-1.643102
49.250691

-1.641189
49.235936

-1.639222
49.216169

-1.637297
49.193735

-1.635378
49.165492

-1.633503
49.133569

-1.631632
49.096827

-1.629802
49.057378

-1.628015
49.014213

-1.625415
48.944992

-1.623691
48.893380

-1.621195
48.811979

-1.620362
48.783912

-1.618755
48.727030

-1.616354
48.636464

-1.614785
48.573989

-1.613276
48.508762

-1.611804
48.443723

-1.610308
48.377761

-1.608046
48.280494

-1.606635
48.225969

-1.605381
48.181809

-1.604326
48.145059

-1.603717
48.125075

-1.603696
48.124040

-1.603777
48.127172

-1.603980
48.134499

-1.604184
48.140829

-1.604326
48.145059

-1.604306
48.144030

-1.604306
48.144030

-1.604306
48.144030

-1.604306
48.144030

-1.604306
48.144030

-1.604306
48.144030

-1.604306
48.144030

-1.604306
48.144030

-1.604306
48.144030

-1.604285
48.143997

-1.604265
48.142965

-1.604225
48.141895

-1.604184
48.140829

-1.604183
48.141828

-1.604246
48.140930

-1.604246
48.140930

-1.604161
48.143796

-1.603884
48.153357

-1.603402
48.190612

-1.603254
48.224400

-1.603252
48.258414

-1.603264
48.272443

-1.603284
48.272476

-1.603284
48.272476

-1.603284
48.272476

-1.603284
48.272476

-1.603284
48.272476

-1.603284
48.272476

-1.603284
48.273471

-1.603282
48.275472

-1.603274
48.287467

-1.603270
48.293461

-1.603141
48.331281

-1.602587
48.387446

-1.597683
48.617571

-1.596237
48.667751

-1.594357
48.729526

-1.591190
48.842158

-1.590271
48.887270

-1.589427
48.954497

-1.588203
49.236457

-1.588419
49.314658

-1.588859
49.387055

-1.589675
49.477815

-1.590302
49.526425

-1.590990
49.573104

-1.591954
49.630109

-1.593213
49.699489

-1.594586
49.775083

-1.595915
49.848723

-1.597660
49.961025

-1.598559
50.037282

-1.599179
50.108180

-1.599399
50.141510

-1.599625
50.233873

-1.599437
50.284620

-1.598750
50.339668

-1.598464
50.353269

-1.597958
50.370583

-1.597416
50.382848

-1.597336
50.383746

-1.597256
50.383640

-1.596998
50.384296

-1.596464
50.380595

-1.596267
50.377341

-1.595854
50.369810

-1.595677
50.365589

-1.595442
50.358294

-1.594857
50.336573

-1.594022
50.294564

-1.590054
49.956267

-1.589427
49.866653

-1.588973
49.791224

-1.588688
49.746962

-1.588649
49.741926

-1.588687
49.747961

-1.588727
49.750995

-1.588706
49.750977

-1.588706
49.750977

-1.588706
49.750977

-1.588706
49.750977

-1.588726
49.751998

-1.588765
49.756031

-1.588822
49.764087

-1.588959
49.776209

-1.589076
49.784320

-1.589135
49.788372

-1.589174
49.790411

-1.589075
49.786314

-1.589016
49.784265

-1.588916
49.782172

-1.588336
49.776655

-1.587752
49.780151

-1.587206
49.790701

-1.586820
49.804391

-1.586452
49.824104

-1.586370
49.831041

-1.586350
49.831025

-1.586370
49.831041

-1.586370
49.831041

-1.586370
49.831041

-1.586370
49.831041

-1.586370
49.831041

-1.586370
49.831041

-1.586370
49.831041

-1.586288
49.835979

-1.585574
49.874447

-1.585168
49.892154

-1.583912
49.940298

-1.583286
49.962894

-1.582882
49.976647

-1.582701
49.983543

-1.582660
49.984518

-1.582438
49.994391

-1.582013
50.016144

-1.581830
50.029047

-1.581420
50.076825

-1.581297
50.092764

-1.581277
50.093752

-1.581337
50.090782

-1.581358
50.088794

-1.581378
50.088804

-1.581358
50.088794

-1.581338
50.089786

-1.581338
50.089786

-1.581338
50.089786

-1.581338
50.089786

-1.581338
50.089786

-1.581338
50.089786

-1.581338
50.089786

-1.581297
50.090761

-1.581318
50.089775

-1.581297
50.091760

-1.581277
50.091749

-1.581277
50.091749

-1.581277
50.091749

-1.581277
50.091749

-1.581277
50.091749

-1.581257
50.093742

-1.580728
50.141470

-1.580384
50.170303

-1.579596
50.230943

-1.578731
50.286584

-1.577530
50.343141

-1.575896
50.399655

-1.574087
50.445274

-1.571371
50.487009

-1.569509
50.502042

-1.567549
50.510266

-1.565609
50.511678

-1.563669
50.511283

-1.560679
50.509586

-1.558779
50.512647

-1.556940
50.521853

-1.555043
50.532272

-1.553146
50.540871

-1.551249
50.546657

-1.549292
50.552690

-1.547357
50.559892

-1.545441
50.566255

-1.543546
50.573779

-1.540647
50.588990

-1.538695
50.598073

-1.536802
50.606239

-1.534891
50.615622

-1.532982
50.627194

-1.531054
50.639986

-1.528163
50.657030

-1.526237
50.668292

-1.523409
50.686898

-1.522447
50.692237

-1.520523
50.704063

-1.518600
50.716073

-1.516737
50.728108

-1.514835
50.740430

-1.511957
50.760841

-1.511018
50.767684

-1.508166
50.791586

-1.506230
50.804860

-1.504370
50.815067

-1.502472
50.826587

-1.500579
50.841285

-1.497795
50.866477

-1.496123
50.881796

-1.494722
50.894201

-1.493110
50.909549

-1.492721
50.913094

-1.492119
50.918514

-1.491673
50.923315

-1.491615
50.923552

-1.491615
50.923552

-1.491615
50.923552

-1.491615
50.923552

-1.491615
50.923552

-1.491615
50.923552

-1.491615
50.923552

-1.491615
50.923552

-1.491615
50.923552

-1.491615
50.923552

-1.491615
50.923552

-1.491615
50.923552

-1.491615
50.923552

-1.491615
50.923552

-1.491615
50.923552

-1.491615
50.923552

-1.491615
50.923552

-1.491615
50.923552

-1.491615
50.923552

-1.491615
50.923552

-1.491615
50.923552

-1.491615
50.923552

-1.491615
50.923552

-1.491615
50.923552

-1.491615
50.923552

-1.491615
50.923552

-1.491615
50.923552

-1.491615
50.923552

-1.491615
50.923552

-1.491615
50.923552

-1.491615
50.923552

-1.491615
50.923552

-1.491615
50.923552

-1.491615
50.923552

-1.491615
50.923552

-1.491615
50.923552

-1.491615
50.923552

-1.491615
50.923552

-1.491615
50.923552

-1.491615
50.923552

-1.491615
50.923552

-1.491615
50.923552

-1.491615
50.923552

-1.491615
50.923552

-1.491615
50.923552

-1.491615
50.923552

-1.491634
50.923473

-1.491615
50.923552

-1.491615
50.923552

-1.491615
50.923552

-1.491615
50.923552

-1.491615
50.923552

-1.491595
50.923631

-1.491576
50.923711

-1.491535
50.922873

-1.491312
50.918760

-1.491131
50.916487

-1.490867
50.911541

-1.490624
50.907520

-1.490443
50.905253

-1.490280
50.901907

-1.490078
50.898723

-1.489794
50.893877

-1.489672
50.891370

-1.489491
50.889112

-1.489127
50.883597

-1.489026
50.882016

-1.488783
50.878014

-1.488561
50.874925

-1.488279
50.871095

-1.488055
50.867019

-1.487874
50.864776

-1.487146
50.853820

-1.486821
50.848184

-1.485525
50.828682

-1.479310
50.734168

-1.477506
50.700466

-1.475291
50.649822

-1.474687
50.634681

-1.473303
50.596268

-1.472735
50.579998

-1.472586
50.574712

-1.472758
50.581885

-1.472890
50.588269

-1.473133
50.601124

-1.473179
50.603914

-1.473179
50.603914

-1.473133
50.601124

-1.473063
50.595445

-1.473039
50.593557

-1.473018
50.592656

-1.473016
50.591662

-1.473012
50.589668

-1.473042
50.574448

-1.473455
50.531211

-1.473993
50.500431

-1.474552
50.480625

-1.475223
50.467317

-1.475359
50.465654

-1.475554
50.463704

-1.476172
50.463751

-1.476902
50.471315

-1.479054
50.527486

-1.479402
50.543946

-1.479601
50.555076

-1.479601
50.555076

-1.479601
50.555076

-1.479601
50.555076

-1.479601
50.555076

-1.479601
50.555076

-1.479601
50.555076

-1.479601
50.555076

-1.479601
50.555076

-1.479601
50.555076

-1.479601
50.555076

-1.479601
50.555076

-1.479601
50.555076

-1.479601
50.555076

-1.479601
50.555076

-1.479601
50.555076

-1.479601
50.555076

-1.479601
50.555076

-1.479579
50.554172

-1.479579
50.554172

-1.479535
50.551368

-1.479424
50.544849

-1.479359
50.542142

-1.479250
50.536619

-1.479164
50.533004

-1.479226
50.534719

-1.479207
50.534811

-1.479207
50.534811

-1.479305
50.534354

-1.479579
50.532086

-1.480036
50.520935

-1.480769
50.486457

-1.481048
50.464102

-1.481233
50.445188

-1.481343
50.428631

-1.481399
50.415321

-1.481437
50.403104

-1.481437
50.403104

-1.481439
50.404096

-1.481439
50.404096

-1.481439
50.404096

-1.481439
50.404096

-1.481439
50.404096

-1.481439
50.404096

-1.481439
50.404096

-1.481435
50.402109

-1.481526
50.374587

-1.481759
50.315310

-1.482360
50.214236

-1.482957
50.133282

-1.483713
50.038612

-1.484498
49.946872

-1.485290
49.858154

-1.486130
49.772286

-1.487035
49.687198

-1.488500
49.559736

-1.489517
49.476337

-1.490579
49.393834

-1.491684
49.310232

-1.492817
49.229600

-1.493956
49.150030

-1.495058
49.070678

-1.496218
48.987168

-1.497904
48.868769

-1.499044
48.792551

-1.500185
48.715395

-1.502028
48.592851

-1.502632
48.552753

-1.503781
48.472807

-1.505231
48.367923

-1.505964
48.312498

-1.506545
48.265594

-1.506976
48.230191

-1.507420
48.188745

-1.507532
48.179382

-1.507642
48.168031

-1.507661
48.166966

-1.507661
48.166966

-1.507661
48.166966

-1.507661
48.166966

-1.507661
48.166966

-1.507661
48.166966

-1.507661
48.166966

-1.507661
48.166966

-1.507661
48.166966

-1.507661
48.166966

-1.507661
48.166966

-1.507661
48.166966

-1.507661
48.166966

-1.507661
48.166966

-1.507661
48.166966

-1.507661
48.166966

-1.507661
48.166966

-1.507661
48.166966

-1.507661
48.166966

-1.507661
48.166966

-1.507661
48.166966

-1.507661
48.166966

-1.507661
48.166966

-1.507661
48.166966

-1.507661
48.166966

-1.507661
48.166966

-1.507661
48.166966

-1.507661
48.166966

-1.507661
48.166966

-1.507661
48.166966

-1.507661
48.166966

-1.507661
48.166966

-1.507679
48.164904

-1.507991
48.132898

-1.508567
48.079064

-1.509188
48.027119

-1.510256
47.947838

-1.510601
47.922798

-1.511828
47.833141

-1.512685
47.762624

-1.513507
47.696248

-1.514254
47.636125

-1.514928
47.583240

-1.515468
47.540747

-1.515896
47.509578

-1.516360
47.473319

-1.516555
47.459799

-1.516633
47.453590

-1.516632
47.452589

-1.516632
47.452589

-1.516632
47.452589

-1.516632
47.452589

-1.516632
47.452589

-1.516632
47.452589

-1.516632
47.452589

-1.516632
47.452589

-1.516632
47.452589

-1.516632
47.452589

-1.516632
47.452589

-1.516653
47.452534

-1.516653
47.452534

-1.516653
47.452534

-1.516652
47.451540

-1.516652
47.451540

-1.516750
47.445278

-1.517179
47.414139

-1.517728
47.376694

-1.518483
47.332751

-1.518862
47.311789

-1.519102
47.299185

-1.518942
47.307589

-1.518278
47.338265

-1.518137
47.344630

-1.517894
47.354250

-1.517915
47.354197

-1.517915
47.354197

-1.517915
47.354197

-1.517914
47.353198

-1.517955
47.352095

-1.518278
47.338265

-1.518480
47.329757

-1.519085
47.303230

-1.519715
47.278668

-1.520468
47.249828

-1.520917
47.233746

-1.521469
47.214431

-1.522041
47.193082

-1.522610
47.168750

-1.523829
47.113957

-1.524235
47.095040

-1.525583
47.037070

-1.525522
47.040205

-1.525500
47.040250

-1.525500
47.040250

-1.525500
47.040250

-1.525500
47.040250

-1.525500
47.040250

-1.525867
47.023452

-1.526744
46.982581

-1.527703
46.935577

-1.528682
46.886572

-1.530178
46.814615

-1.530734
46.789543

-1.531910
46.737334

-1.533727
46.653050

-1.534801
46.599184

-1.536215
46.507807

-1.536599
46.474177

-1.537270
46.390069

-1.537697
46.293355

-1.537810
46.149103

-1.537699
46.054224

-1.537452
45.953543

-1.536976
45.809196

-1.536686
45.713594

-1.536504
45.616821

-1.536430
45.518879

-1.536421
45.419831

-1.536437
45.324749

-1.536518
45.226567

-1.536599
45.129384

-1.536725
45.032137

-1.536873
44.933851

-1.537022
44.835569

-1.537128
44.739352

-1.537190
44.642209

-1.537179
44.240998

-1.537242
44.145849

-1.537552
43.955288

-1.537805
43.867870

-1.537933
43.825667

-1.538196
43.749245

-1.538436
43.672863

-1.538422
43.683892

-1.538383
43.692951

-1.538365
43.699983

-1.538366
43.701977

-1.538367
43.702980

-1.538367
43.702980

-1.538367
43.702980

-1.538367
43.702980

-1.538386
43.697949

-1.538451
43.661835

-1.538587
43.566597

-1.538610
43.535546

-1.538722
43.469362

-1.538909
43.379056

-1.539157
43.275658

-1.539491
43.131131

-1.539723
43.034771

-1.539980
42.938384

-1.540235
42.839002

-1.540449
42.744682

-1.540556
42.697521

-1.540921
42.549987

-1.541157
42.449646

-1.541397
42.354302

-1.541725
42.211835

-1.541845
42.111646

-1.541883
42.062581

-1.541902
41.916497

-1.541810
41.818567

-1.541340
41.525015

-1.541212
41.379108

-1.541178
41.331125

-1.541023
41.184254

-1.540989
41.137274

-1.540858
40.990370

-1.540822
40.941389

-1.540714
40.794459

-1.540692
40.697439

-1.540683
40.552384

-1.540696
40.503346

-1.540720
40.403273

-1.540761
40.258157

-1.540787
40.160082

-1.540824
40.110015

-1.540891
39.964870

-1.540968
39.867734

-1.541111
39.722500

-1.541150
39.673433

-1.541292
39.525203

-1.541373
39.430067

-1.541452
39.331933

-1.541529
39.230798

-1.541677
39.085568

-1.541742
39.036477

-1.541890
38.889246

-1.541931
38.841178

-1.542056
38.695983

-1.542097
38.646917

-1.542273
38.500658

-1.542385
38.405500

-1.542494
38.306343

-1.542579
38.209208

-1.542759
38.061957

-1.542872
37.964799

-1.542985
37.866643

-1.543072
37.769514

-1.543133
37.672415

-1.543194
37.574312

-1.543281
37.475185

-1.543442
37.328966

-1.543514
37.280874

-1.543676
37.135655

-1.543722
37.087591

-1.543831
36.941428

-1.543868
36.843356

-1.543869
36.696303

-1.543887
36.646268

-1.543945
36.501158

-1.543983
36.404086

-1.544002
36.355050

-1.544059
36.208942

-1.544125
36.110844

-1.544219
36.012719

-1.544362
35.866529

-1.544410
35.818469

-1.544478
35.720372

-1.544623
35.574183

-1.544671
35.525125

-1.544819
35.380938

-1.544917
35.282816

-1.545035
35.134656

-1.545086
35.086594

-1.545187
34.990472

-1.545336
34.842295

-1.545437
34.744170

-1.545567
34.646026

-1.545620
34.598964

-1.545802
34.450761

-1.545876
34.352667

-1.546004
34.207513

-1.546078
34.107417

-1.546155
34.011326

-1.546255
33.865198

-1.546309
33.816139

-1.546415
33.718023

-1.546585
33.582841

-1.546588
33.544830

-1.546598
33.476801

-1.546514
33.401847

-1.546469
33.381876

-1.546379
33.339937

-1.546338
33.324967

-1.546302
33.316995

-1.546302
33.316995

-1.546302
33.316995

-1.546302
33.316995

-1.546302
33.316995

-1.546302
33.316995

-1.546302
33.316995

-1.546302
33.316995

-1.546302
33.316995

-1.546302
33.316995

-1.546302
33.316995

-1.546301
33.315996

-1.546182
33.276080

-1.545952
33.210247

-1.545755
33.148395

-1.545555
33.083538

-1.545323
32.939685

-1.545252
32.887729

-1.545046
32.740855

-1.544940
32.645912

-1.544862
32.546946

-1.544845
32.448927

-1.544830
32.352907

-1.544845
32.255861

-1.544820
32.109833

-1.544869
32.015760

-1.544990
31.933633

-1.545093
31.866526

-1.545207
31.813416

-1.545347
31.752282

-1.545368
31.739261

-1.545415
31.719216

-1.545435
31.705195

-1.545434
31.704196

-1.545434
31.704196

-1.545434
31.704196

-1.545434
31.704196

-1.545434
31.704196

-1.545434
31.704196

-1.545434
31.704196

-1.545434
31.704196

-1.545434
31.704196

-1.545434
31.704196

-1.545434
31.704196

-1.545460
31.697173

-1.545587
31.619045

-1.545626
31.588006

-1.545638
31.523975

-1.545766
31.444851

-1.546351
31.297351

-1.546946
31.197872

-1.548064
31.060025

-1.548997
30.967357

-1.549579
30.919960

-1.550912
30.830094

-1.553331
30.690681

-1.554023
30.645311

-1.555562
30.524543

-1.555905
30.488380

-1.556342
30.373173

-1.556195
30.273227

-1.555748
30.171417

-1.555035
30.074737

-1.554542
30.024967

-1.552996
29.888733

-1.551942
29.809296

-1.550852
29.734914

-1.549860
29.663500

-1.549069
29.595984

-1.548149
29.498565

-1.547797
29.438786

-1.547587
29.386914

-1.547545
29.333931

-1.547956
29.249629

-1.548636
29.198170

-1.549728
29.145467

-1.551745
29.081279

-1.552423
29.065906

-1.554024
29.037084

-1.554776
29.026725

-1.555256
29.021506

-1.555941
29.014202

-1.563891
28.962690

-1.564787
28.957523

-1.565408
28.953420

-1.565408
28.953420

-1.565374
28.953426

-1.565374
28.953426

-1.565374
28.953426

-1.565374
28.953426

-1.565374
28.953426

-1.565374
28.953426

-1.565374
28.953426

-1.565305
28.953437

-1.565305
28.953437

-1.565270
28.954442

-1.565236
28.955447

-1.565305
28.953437

-1.565373
28.950426

-1.565407
28.947420

-1.565577
28.930394

-1.565739
28.869368

-1.565556
28.816397

-1.565235
28.768446

-1.564985
28.738485

-1.564949
28.732491

-1.564949
28.732491

-1.564949
28.732491

-1.564949
28.732491

-1.564949
28.732491

-1.564949
28.732491

-1.564949
28.732491

-1.564949
28.732491

-1.564913
28.725497

-1.564837
28.696510

-1.566480
28.495265

-1.567211
28.449182

-1.567979
28.397112

-1.569585
28.063022

-1.569652
27.969017

-1.569720
27.882015

-1.569825
27.804011

-1.569966
27.715010

-1.569966
27.702009

-1.569966
27.712009

-1.569967
27.717010

-1.569966
27.716011

-1.569966
27.716011

-1.569966
27.716011

-1.569966
27.715010

-1.569966
27.692009

-1.570000
27.635009

-1.570070
27.536008

-1.570141
27.458006

-1.570248
27.358005

-1.570356
27.253003

-1.570428
27.157001

-1.570538
27.062001

-1.570648
26.960000

-1.570796
26.811000

-1.570871
26.763000

-1.571059
26.666003

-1.571211
26.521003

-1.571250
26.472003

-1.571251
26.374001

-1.571253
26.276003

-1.571293
26.179001

-1.571449
26.034006

-1.571810
25.639012

-1.571971
25.542017

-1.572135
25.400022

-1.572177
25.352023

-1.572264
25.204027

-1.572347
25.155030

-1.572676
25.007043

-1.572800
24.958050

-1.573134
24.813069

-1.573305
24.718078

-1.573477
24.620088

-1.573780
24.470110

-1.573908
24.421119

-1.574256
24.277145

-1.574436
24.181161

-1.574575
24.085172

-1.574674
23.985180

-1.574815
23.888193

-1.575092
23.742219

-1.575228
23.693233

-1.575552
23.551266

-1.575647
23.503276

-1.575978
23.353313

-1.576214
23.256343

-1.576551
23.113383

-1.576693
23.064400

-1.576892
22.965427

-1.577239
22.818474

-1.577442
22.721502

-1.577544
22.673516

-1.577766
22.527547

-1.577974
22.430578

-1.578079
22.382593

-1.579382
21.896808

-1.579651
21.797854

-1.579808
21.749881

-1.581072
21.312125

-1.581307
21.216172

-1.581619
21.068233

-1.581860
20.970282

-1.582029
20.922321

-1.582906
20.728519

-1.583128
20.679573

-1.583672
20.582707

-1.584449
20.435904

-1.584991
20.290044

-1.585254
20.197110

-1.585545
20.070183

-1.585646
20.001205

-1.585736
19.948227

-1.585801
19.927244

-1.585747
19.933227

-1.585745
19.935227

-1.585745
19.935227

-1.585745
19.935227

-1.585745
19.935227

-1.585745
19.935227

-1.585745
19.935227

-1.585745
19.935227

-1.585745
19.935227

-1.585745
19.935227

-1.585747
19.933227

-1.585806
19.921244

-1.585891
19.875265

-1.585988
19.814286

-1.586065
19.714297

-1.586732
19.328454

-1.586875
19.280493

-1.587104
19.132545

-1.587665
18.792674

-1.587763
18.743699

-1.588060
18.594771

-1.588314
18.496839

-1.588624
18.398923

-1.588828
18.301976

-1.589081
18.158035

-1.589131
18.109044

-1.589393
17.961106

-1.589552
17.862143

-1.589711
17.765177

-1.589929
17.667235

-1.590204
17.520299

-1.590316
17.470328

-1.590655
17.323415

-1.590768
17.275444

-1.591171
17.130555

-1.591289
17.080585

-1.591526
16.933638

-1.591707
16.786670

-1.591828
16.737703

-1.592012
16.639744

-1.592135
16.543766

-1.592390
16.394822

-1.592581
16.296868

-1.592712
16.199891

-1.592969
16.101959

-1.593235
15.956016

-1.593305
15.906029

-1.593577
15.760089

-1.593779
15.665137

-1.593915
15.616173

-1.594264
15.469260

-1.594339
15.420273

-1.594566
15.273314

-1.594652
15.176317

-1.594953
15.028386

-1.595097
14.980422

-1.595324
14.882478

-1.595789
14.445510

-1.596045
14.299558

-1.596894
13.910737

-1.597608
13.614893

-1.597819
13.471917

-1.598652
13.033056

-1.599080
12.836134

-1.600325
12.396404

-1.602501
11.766913

-1.603343
11.524103

-1.603399
11.504115

-1.603399
11.504115

-1.603470
11.479128

-1.603726
11.238093

-1.604766
10.982335

-1.606212
10.703712

-1.607080
10.557949

-1.609855
10.166754

-1.611126
10.020149

-1.612629
9.875640

-1.616201
9.583877

-1.617961
9.438496

-1.624022
9.003750

-1.626464
8.860727

-1.633037
8.424311

-1.635122
8.276117

-1.637364
8.133013

-1.644918
7.697134

-1.646811
7.597941

-1.654663
7.210343

-1.658405
7.063089

-1.666252
6.777855

-1.670330
6.631823

-1.674439
6.485803

-1.685509
6.045734

-1.692140
5.807705

-1.707444
5.388228

-1.711777
5.245037

-1.717337
4.903556

-1.717253
4.714471

-1.714229
4.421402

-1.709748
4.129804

-1.708700
4.037329

-1.706028
3.797672

-1.706040
3.804743

-1.706040
3.804743

-1.706040
3.804743

-1.706040
3.804743

-1.712071
3.636227

-1.718379
3.556663

-1.728163
3.464814

-1.762320
3.173018

-1.765882
3.141593

-1.765882
3.141593

-1.765944
3.140612

-1.786467
2.929876

-1.788757
2.908821

-1.799681
2.803105

-1.799681
2.803105

-1.799762
2.802131

-1.823423
2.600543

-1.844421
2.438726

-1.844421
2.438726

-1.850330
2.337741

-1.850342
2.315901

-1.849942
2.271945

-1.849405
2.221670

-1.849529
2.220708

-1.849281
2.222631

-1.853950
2.122520

-1.855393
2.094241

-1.857982
2.040572

-1.859720
2.004066

-1.859720
2.004066

-1.859720
2.004066

-1.838413
1.735787

-1.833399
1.706503

-1.828756
1.681641

-1.825397
1.663629

-1.825397
1.663629

-1.825421
1.659506

-1.805501
1.204010

-1.797920
1.154654

-1.788388
1.107105

-1.748286
0.945859

-1.748099
0.946844

-1.748099
0.946844

-1.746337
0.933343

-1.740415
0.882667

-1.730709
0.816417

-1.685111
0.271774

-1.692639
0.148098

-1.700499
0.023195

0.000000
0.000000

0.000000
0.000000

0.000000
0.000000

0.000000
0.000000

0.000000
0.000000

0.000000
0.000000

0.000000
0.000000

0.000000
0.000000

0.000000
0.000000

0.000000
0.000000

0.000000
0.000000

0.000000
0.000000

0.000000
0.000000

0.000000
0.000000

0.000000
0.000000

0.000000
0.000000

0.000000
0.000000

0.000000
0.000000

0.000000
0.000000

0.000000
0.000000

0.000000
0.000000

0.000000
0.000000

0.000000
0.000000

0.000000
0.000000

0.000000
0.000000

0.000000
0.000000

0.000000
0.000000

0.000000
0.000000

0.000000
0.000000

0.000000
0.000000

0.000000
0.000000

