-0.494287
45.107613

-0.494281
45.108035

-0.494281
45.108035

-0.494281
45.108035

-0.494281
45.108035

-0.494276
45.108458

-0.494271
45.108880

-0.494271
45.108880

-0.494271
45.108880

-0.494271
45.108880

-0.494266
45.109302

-0.494266
45.109302

-0.494266
45.109302

-0.494260
45.109725

-0.494044
45.127069

-0.493395
45.179591

-0.491883
45.307026

-0.491369
45.352104

-0.490378
45.442038

-0.488956
45.577991

-0.488066
45.669435

-0.487201
45.763174

-0.486792
45.809185

-0.485596
45.950066

-0.484853
46.044545

-0.484149
46.139721

-0.483155
46.283899

-0.482543
46.379472

-0.482237
46.428151

-0.481334
46.571924

-0.480707
46.668282

-0.479734
46.812468

-0.479395
46.860276

-0.478697
46.955273

-0.477977
47.049832

-0.476858
47.190593

-0.476070
47.284593

-0.475668
47.331427

-0.474473
47.470699

-0.473685
47.564134

-0.472903
47.657652

-0.471735
47.797498

-0.471350
47.843890

-0.470217
47.984508

-0.469477
48.078437

-0.468743
48.171991

-0.468012
48.265568

-0.466917
48.406948

-0.466559
48.454177

-0.465854
48.548151

-0.464815
48.690192

-0.464135
48.784308

-0.463792
48.832004

-0.462783
48.973767

-0.462124
49.069119

-0.461169
49.212022

-0.460856
49.259722

-0.460231
49.355134

-0.459307
49.498940

-0.458709
49.594320

-0.458413
49.642760

-0.457545
49.787004

-0.456980
49.883127

-0.456134
50.028366

-0.455583
50.124926

-0.455311
50.173490

-0.454521
50.317537

-0.454004
50.413504

-0.453493
50.509996

-0.452986
50.607926

-0.452498
50.705263

-0.451794
50.851376

-0.451565
50.899723

-0.451108
50.997344

-0.450428
51.144000

-0.449990
51.241660

-0.449564
51.339573

-0.448946
51.486346

-0.448743
51.535547

-0.448341
51.633077

-0.447944
51.731575

-0.447373
51.878947

-0.446830
52.026424

-0.446651
52.075542

-0.446118
52.222946

-0.445941
52.272551

-0.445597
52.371708

-0.445108
52.519839

-0.444792
52.618324

-0.444479
52.716982

-0.444167
52.815351

-0.443860
52.914377

-0.443563
53.013812

-0.443143
53.162573

-0.443006
53.211467

-0.442599
53.360188

-0.442337
53.459339

-0.442083
53.559496

-0.441840
53.658177

-0.441604
53.757251

-0.441373
53.857772

-0.441042
54.007043

-0.440938
54.056247

-0.440735
54.156102

-0.440545
54.255319

-0.440264
54.404762

-0.440087
54.504412

-0.439825
54.654669

-0.439742
54.704230

-0.439579
54.804309

-0.439357
54.945449

-0.439305
54.977793

-0.439305
54.977793

-0.439305
54.977793

-0.439305
54.977793

-0.439305
54.977793

-0.439305
54.977793

-0.439304
54.978275

-0.439290
54.989496

-0.439290
55.001708

-0.439334
55.031199

-0.439548
55.082886

-0.439871
55.122469

-0.440579
55.180156

-0.441443
55.228690

-0.441793
55.241932

-0.442521
55.261102

-0.443173
55.270194

-0.443503
55.272832

-0.444043
55.273997

-0.444147
55.273097

-0.444258
55.271130

-0.444290
55.270214

-0.444369
55.267300

-0.444390
55.266257

-0.444431
55.263633

-0.444483
55.259232

-0.444505
55.256196

-0.444527
55.252218

-0.444532
55.249249

-0.444533
55.244857

-0.444456
55.223237

-0.444320
55.202069

-0.443446
55.095121

-0.442672
55.006682

-0.442291
54.961620

-0.441210
54.823840

-0.440463
54.679206

-0.440320
54.629375

-0.440145
54.479204

-0.440119
54.428451

-0.440069
54.328492

-0.440009
54.227633

-0.439910
54.078077

-0.439839
53.977770

-0.439777
53.877344

-0.439760
53.776720

-0.439900
53.676785

-0.440173
53.577514

-0.440672
53.428979

-0.441060
53.331117

-0.441274
53.281430

-0.441952
53.135503

-0.442458
53.039248

-0.443004
52.943703

-0.443889
52.800652

-0.444205
52.753854

-0.444875
52.659334

-0.445941
52.519380

-0.446683
52.426849

-0.447751
52.287934

-0.448052
52.240342

-0.448532
52.143330

-0.448989
51.994594

-0.449235
51.895186

-0.449353
51.845096

-0.449697
51.696653

-0.449925
51.596415

-0.450143
51.496823

-0.450453
51.346731

-0.450553
51.297229

-0.450743
51.197701

-0.451023
51.047878

-0.451200
50.948015

-0.451282
50.898638

-0.451520
50.748551

-0.451663
50.648942

-0.451870
50.499114

-0.451998
50.398110

-0.452057
50.348443

-0.452166
50.248516

-0.452317
50.098565

-0.452414
49.998295

-0.452543
49.848456

-0.452579
49.798893

-0.452637
49.697898

-0.452696
49.548057

-0.452724
49.448195

-0.452735
49.397784

-0.452748
49.297083

-0.452749
49.146570

-0.452727
49.046525

-0.452683
48.896306

-0.452643
48.796380

-0.452619
48.745720

-0.452538
48.595248

-0.452457
48.495074

-0.452367
48.395438

-0.452264
48.295871

-0.452148
48.195403

-0.452018
48.095002

-0.451806
47.945282

-0.451674
47.845829

-0.451620
47.796275

-0.451464
47.596225

-0.451442
47.545514

-0.451376
47.394929

-0.451345
47.344761

-0.451284
47.244950

-0.451221
47.145580

-0.451114
46.994219

-0.451035
46.894964

-0.450938
46.793887

-0.450832
46.694320

-0.450715
46.594778

-0.450595
46.494309

-0.450410
46.344342

-0.450269
46.243993

-0.450113
46.144200

-0.449953
46.044445

-0.449817
45.944951

-0.449786
45.845157

-0.449970
45.694301

-0.450092
45.643676

-0.450338
45.544908

-0.450714
45.397093

-0.450967
45.297881

-0.451214
45.196860

-0.451451
45.097317

-0.451670
44.998276

-0.451887
44.898379

-0.452098
44.798927

-0.452410
44.649176

-0.452606
44.550343

-0.452795
44.451108

-0.452982
44.350435

-0.453150
44.251317

-0.453309
44.151785

-0.453456
44.051349

-0.453649
43.901276

-0.453753
43.801076

-0.453841
43.701481

-0.453924
43.601319

-0.453994
43.500810

-0.454048
43.401383

-0.454090
43.250759

-0.454095
43.150538

-0.454093
43.100727

-0.454070
42.950870

-0.454034
42.850404

-0.453976
42.749616

-0.453856
42.599791

-0.453804
42.549734

-0.453508
42.300114

-0.453312
42.150060

-0.453279
42.100323

-0.453319
42.000097

-0.453636
41.849397

-0.453771
41.799952

-0.454035
41.700443

-0.454390
41.550293

-0.454592
41.451533

-0.454777
41.351475

-0.454951
41.251956

-0.455104
41.152552

-0.455238
41.051752

-0.455399
40.901996

-0.455475
40.801968

-0.455564
40.651663

-0.455581
40.600772

-0.455597
40.501035

-0.455579
40.351177

-0.455563
40.300991

-0.455521
40.201010

-0.455448
40.050420

-0.455384
39.950118

-0.455344
39.899998

-0.455253
39.799814

-0.455098
39.650591

-0.454977
39.551015

-0.454776
39.400561

-0.454697
39.350133

-0.454524
39.250822

-0.454236
39.101227

-0.454030
39.002538

-0.453815
38.902421

-0.453476
38.752584

-0.453346
38.702386

-0.453074
38.603009

-0.452658
38.454958

-0.452378
38.355131

-0.452239
38.305458

-0.451943
38.205204

-0.451482
38.056375

-0.451161
37.957213

-0.450837
37.858543

-0.450334
37.708913

-0.450161
37.659382

-0.449799
37.559904

-0.449421
37.461479

-0.448838
37.313668

-0.448438
37.215337

-0.448021
37.115619

-0.447389
36.966047

-0.446950
36.867888

-0.446726
36.818092

-0.446280
36.719478

-0.445600
36.571112

-0.445135
36.472578

-0.444492
36.325024

-0.444331
36.274425

-0.444084
36.174802

-0.443864
36.075550

-0.443524
35.925521

-0.443276
35.825428

-0.443008
35.725920

-0.442729
35.626446

-0.442443
35.527013

-0.442150
35.427117

-0.441692
35.277103

-0.441363
35.177855

-0.441196
35.128238

-0.440858
35.029022

-0.440327
34.879814

-0.439960
34.780720

-0.439578
34.681205

-0.438997
34.531713

-0.438607
34.432709

-0.438413
34.383206

-0.437819
34.234732

-0.437393
34.135885

-0.436943
34.037142

-0.436238
33.889175

-0.435996
33.839873

-0.435499
33.740848

-0.434736
33.593120

-0.434201
33.494764

-0.433652
33.395960

-0.433102
33.298149

-0.432540
33.199409

-0.431975
33.100680

-0.431107
32.953399

-0.430512
32.855778

-0.430207
32.806255

-0.429299
32.659656

-0.428681
32.560662

-0.427752
32.413612

-0.427435
32.365128

-0.426807
32.266663

-0.425904
32.120020

-0.425098
31.971873

-0.424865
31.924438

-0.424686
31.886552

-0.424572
31.862086

-0.424566
31.860645

-0.424566
31.860645

-0.424566
31.860645

-0.424566
31.860645

-0.424566
31.860645

-0.424562
31.859684

-0.424562
31.859684

-0.424560
31.859203

-0.424558
31.858723

-0.424558
31.858723

-0.424555
31.858242

-0.424553
31.857762

-0.424553
31.857762

-0.424551
31.857282

-0.424551
31.857282

-0.424549
31.856802

-0.424547
31.856321

-0.424545
31.855840

-0.424543
31.855361

-0.424532
31.852959

-0.424282
31.795793

-0.424115
31.756854

-0.423708
31.660210

-0.422889
31.461030

-0.422688
31.410966

-0.422286
31.310834

-0.422085
31.260765

-0.421674
31.161654

-0.421054
31.012004

-0.420641
30.912382

-0.420008
30.763273

-0.419479
30.664184

-0.419145
30.615171

-0.417797
30.470432

-0.416728
30.375458

-0.415663
30.280495

-0.414051
30.137550

-0.413517
30.090548

-0.412447
29.996042

-0.411364
29.900617

-0.409753
29.758713

-0.408653
29.663375

-0.408096
29.615931

-0.406409
29.473887

-0.405286
29.380191

-0.403595
29.237706

-0.403034
29.190396

-0.401900
29.095682

-0.400751
29.001609

-0.398980
28.860389

-0.397768
28.766180

-0.395923
28.625408

-0.395305
28.578392

-0.394048
28.483841

-0.392163
28.343823

-0.390904
28.250383

-0.389637
28.156905

-0.388357
28.063003

-0.386421
27.922709

-0.385775
27.876337

-0.384461
27.782578

-0.382489
27.642130

-0.381187
27.548818

-0.380529
27.501956

-0.378542
27.361973

-0.377193
27.268921

-0.375846
27.176413

-0.373792
27.037307

-0.372388
26.943552

-0.371685
26.897444

-0.370250
26.804891

-0.368061
26.665952

-0.366581
26.573662

-0.364352
26.435466

-0.363596
26.389699

-0.362062
26.298156

-0.360502
26.207269

-0.358098
26.070623

-0.356465
25.980097

-0.355626
25.934301

-0.353087
25.798797

-0.351354
25.709450

-0.348716
25.575728

-0.346929
25.486750

-0.346015
25.441314

-0.344213
25.352950

-0.342369
25.264251

-0.339557
25.131136

-0.337687
25.043627

-0.334847
24.911743

-0.332926
24.823634

-0.331946
24.779131

-0.330002
24.692133

-0.327015
24.560591

-0.325010
24.473503

-0.321946
24.343048

-0.320903
24.299533

-0.318805
24.212989

-0.316695
24.127587

-0.313461
23.998854

-0.311290
23.912045

-0.310279
23.869080

-0.307500
23.734342

-0.306143
23.639167

-0.304389
23.494610

-0.303852
23.446262

-0.302769
23.349105

-0.301671
23.252008

-0.300562
23.155461

-0.298842
23.010438

-0.297637
22.913934

-0.296300
22.818734

-0.294013
22.677554

-0.293142
22.631161

-0.291280
22.543601

-0.289904
22.487326

-0.289883
22.486474

-0.288818
22.443644

-0.287969
22.413204

-0.285534
22.337435

-0.281631
22.242346

-0.281232
22.234227

-0.281159
22.232793

-0.281135
22.232351

-0.280132
22.217535

-0.278169
22.196985

-0.274918
22.175184

-0.274031
22.172716

-0.273339
22.172155

-0.273317
22.172226

-0.273275
22.172501

-0.272867
22.176395

-0.272605
22.180389

-0.272366
22.185240

-0.272051
22.193847

-0.271960
22.197426

-0.271757
22.207852

-0.271529
22.227158

-0.271490
22.241394

-0.271583
22.264355

-0.271736
22.277505

-0.272464
22.319798

-0.275257
22.431858

-0.278032
22.511949

-0.279432
22.550160

-0.282311
22.625937

-0.286673
22.739535

-0.289557
22.815283

-0.292432
22.891942

-0.296672
23.006677

-0.299481
23.083558

-0.300874
23.122309

-0.304999
23.237944

-0.307728
23.316477

-0.311777
23.434374

-0.313119
23.473710

-0.315760
23.551416

-0.318395
23.629342

-0.322328
23.747839

-0.324917
23.827095

-0.326226
23.867192

-0.330060
23.985122

-0.332624
24.064290

-0.336424
24.183076

-0.337703
24.223387

-0.340215
24.303070

-0.342733
24.383024

-0.346454
24.501198

-0.348963
24.581141

-0.350199
24.620756

-0.353920
24.740673

-0.356389
24.820067

-0.361189
24.979839

-0.362331
25.020660

-0.363449
25.061623

-0.366698
25.188264

-0.368777
25.274319

-0.371846
25.401910

-0.372868
25.444990

-0.374883
25.530442

-0.376899
25.617041

-0.379874
25.746666

-0.381835
25.832591

-0.382827
25.876066

-0.385767
26.005086

-0.387723
26.091163

-0.389678
26.177692

-0.392600
26.307038

-0.394541
26.392341

-0.395521
26.435527

-0.398441
26.563997

-0.400393
26.650279

-0.402336
26.735951

-0.405367
26.863243

-0.406405
26.904350

-0.408565
26.985935

-0.411923
27.105008

-0.414276
27.183017

-0.415451
27.221461

-0.418906
27.337941

-0.422195
27.457739

-0.423256
27.498748

-0.425345
27.581082

-0.428445
27.704821

-0.430528
27.786964

-0.432607
27.868787

-0.433628
27.908951

-0.436738
28.031295

-0.438812
28.113396

-0.441912
28.236021

-0.443973
28.317602

-0.445002
28.358097

-0.447054
28.439155

-0.450164
28.561488

-0.452217
28.643272

-0.455106
28.767074

-0.456042
28.810116

-0.457810
28.896044

-0.460298
29.027138

-0.461833
29.116480

-0.463318
29.207129

-0.465545
29.342408

-0.466291
29.387872

-0.467761
29.477878

-0.469964
29.613393

-0.471449
29.703897

-0.472187
29.748333

-0.474438
29.882465

-0.475950
29.971606

-0.477508
30.060786

-0.479920
30.192285

-0.480757
30.235302

-0.482484
30.321035

-0.485082
30.448448

-0.486829
30.533338

-0.487713
30.576039

-0.490359
30.703166

-0.492124
30.786458

-0.493911
30.869981

-0.496593
30.995224

-0.497485
31.036805

-0.499281
31.120181

-0.501982
31.244202

-0.503787
31.326200

-0.506516
31.449194

-0.507436
31.490559

-0.510137
31.613990

-0.510999
31.655815

-0.513444
31.783583

-0.514774
31.874721

-0.515751
31.969733

-0.516435
32.067851

-0.516884
32.167997

-0.517281
32.267317

-0.517868
32.415840

-0.518033
32.465039

-0.518237
32.564720

-0.518202
32.715182

-0.517992
32.815231

-0.517556
32.964315

-0.517311
33.013537

-0.516695
33.111369

-0.515490
33.256420

-0.514338
33.349471

-0.513667
33.393343

-0.511282
33.520678

-0.509337
33.596648

-0.507174
33.665174

-0.503585
33.753610

-0.502266
33.776514

-0.499529
33.818464

-0.495481
33.878421

-0.492822
33.920439

-0.490203
33.965380

-0.487600
34.012644

-0.485062
34.063002

-0.482568
34.116051

-0.478910
34.199852

-0.476547
34.259187

-0.474255
34.320544

-0.473136
34.351959

-0.468749
34.484351

-0.467705
34.518685

-0.464582
34.622644

-0.462472
34.689196

-0.460160
34.749723

-0.458949
34.777300

-0.456477
34.829261

-0.452740
34.906327

-0.449101
34.983421

-0.447892
35.009501

-0.445467
35.062368

-0.441839
35.142745

-0.439445
35.197123

-0.438263
35.224676

-0.434796
35.311441

-0.432595
35.374537

-0.429420
35.474778

-0.428377
35.508846

-0.426288
35.575742

-0.423028
35.669976

-0.420647
35.723634

-0.416903
35.791424

-0.415590
35.809404

-0.412936
35.839054

-0.408831
35.870051

-0.407481
35.875230

-0.404665
35.879325

-0.401938
35.873337

-0.397899
35.843721

-0.395744
35.811048

-0.392927
35.749547

-0.391970
35.720290

-0.390066
35.648648

-0.388412
35.566499

-0.386822
35.457258

-0.386731
35.448057

-0.386711
35.445239

-0.386577
35.426417

-0.386243
35.368942

-0.385899
35.277258

-0.385821
35.126235

-0.386220
35.045238

-0.386311
35.032620

-0.386327
35.030522

-0.386420
35.018140

-0.387060
34.933861

-0.387409
34.889295

-0.388230
34.792548

-0.389151
34.696303

-0.390666
34.556743

-0.391957
34.467897

-0.393411
34.383940

-0.395244
34.306942

-0.397376
34.239683

-0.400965
34.149922

-0.402144
34.120777

-0.404465
34.060656

-0.406723
33.996971

-0.410001
33.895820

-0.411886
33.830310

-0.412531
33.806736

-0.412531
33.806736

-0.412911
33.792705

-0.413364
33.775463

-0.415419
33.688206

-0.416329
33.638647

-0.416539
33.624128

-0.416756
33.603879

-0.416799
33.593395

-0.416801
33.583586

-0.416786
33.578762

-0.416718
33.574732

-0.416523
33.564763

-0.414875
33.491453

-0.413039
33.414627

-0.411206
33.334433

-0.408718
33.209743

-0.408019
33.165415

-0.406215
33.027769

-0.405369
32.931895

-0.404787
32.833845

-0.404455
32.728105

-0.404456
32.722682

-0.404460
32.718764

-0.404463
32.714243

-0.404466
32.685298

-0.404400
32.627154

-0.404352
32.605726

-0.404351
32.605243

-0.404351
32.605243

-0.404351
32.605243

-0.404351
32.605243

-0.404351
32.605243

-0.404351
32.605243

-0.404351
32.605243

-0.404350
32.604759

-0.404350
32.604759

-0.404350
32.604759

-0.404347
32.603308

-0.404334
32.597481

-0.404301
32.584858

-0.404268
32.577643

-0.403726
32.526273

-0.403306
32.494626

-0.401368
32.361849

-0.400656
32.316604

-0.399146
32.228193

-0.396963
32.118683

-0.396514
32.098301

-0.396506
32.097906

-0.396433
32.094759

-0.396062
32.078762

-0.395465
32.054074

-0.393817
31.988414

-0.393049
31.958851

-0.391024
31.885726

-0.387597
31.781311

-0.385019
31.724737

-0.382292
31.677219

-0.379315
31.644993

-0.376284
31.626777

-0.371590
31.620562

-0.368442
31.636754

-0.365434
31.666509

-0.363976
31.686288

-0.359823
31.758532

-0.357295
31.818096

-0.353680
31.915191

-0.352559
31.949620

-0.350392
32.022396

-0.347438
32.138402

-0.345809
32.222917

-0.342739
32.395421

-0.341035
32.479054

-0.339128
32.557424

-0.335825
32.662103

-0.333288
32.717713

-0.330733
32.767706

-0.328123
32.817465

-0.325803
32.862872

-0.324944
32.879379

-0.324878
32.880567

-0.324824
32.881509

-0.324824
32.881509

-0.324785
32.882179

-0.324383
32.889189

-0.323065
32.913076

-0.321813
32.935786

-0.321411
32.942979

-0.321382
32.943500

-0.320620
32.957474

-0.319609
32.978209

-0.319337
32.983980

-0.319320
32.984349

-0.319320
32.984349

-0.319175
32.987428

-0.318450
33.003590

-0.317873
33.017460

-0.317873
33.017460

-0.317836
33.018371

-0.317718
33.021237

-0.317718
33.021237

-0.317718
33.021237

-0.317500
33.026488

-0.316419
33.052904

-0.315486
33.076287

-0.315235
33.082624

-0.315087
33.086420

-0.313471
33.129955

-0.312550
33.158353

-0.310815
33.218756

-0.309017
33.290637

-0.308891
33.295732

-0.308830
33.298117

-0.308705
33.302869

-0.308524
33.309433

-0.308459
33.311668

-0.308436
33.312436

-0.308388
33.313995

-0.308388
33.313995

-0.308309
33.316654

-0.308003
33.327376

-0.307760
33.336583

-0.307657
33.340564

-0.307648
33.340933

-0.306935
33.369036

-0.306332
33.392710

-0.303787
33.491974

-0.301821
33.569041

-0.300849
33.607343

-0.297971
33.721814

-0.296031
33.798558

-0.294020
33.872744

-0.290778
33.974686

-0.289588
34.003581

-0.287015
34.053588

-0.282898
34.107906

-0.279995
34.125573

-0.275595
34.129877

-0.274127
34.123257

-0.271277
34.100167

-0.267168
34.044194

-0.264691
33.989614

-0.263548
33.958384

-0.261081
33.874711

-0.260851
33.864440

-0.260272
33.838700

-0.258297
33.748799

-0.257405
33.708289

-0.255610
33.626116

-0.252958
33.504041

-0.251210
33.422111

-0.249909
33.356071

-0.249640
33.341713

-0.249497
33.334135

-0.249105
33.312460

-0.248552
33.277968

-0.248513
33.274788

-0.248513
33.274788

-0.248488
33.272512

-0.247592
33.180651

-0.247251
33.134675

-0.246831
33.053395

-0.246772
33.028139

-0.246772
33.027654

-0.246818
33.016666

-0.246986
32.997808

-0.247220
32.983201

-0.247459
32.971313

-0.249465
32.896165

-0.251775
32.831913

-0.255556
32.744725

-0.256903
32.720780

-0.259682
32.677997

-0.263884
32.615819

-0.266587
32.568555

-0.270432
32.484783

-0.271574
32.451086

-0.273640
32.375997

-0.276333
32.255776

-0.277194
32.216109

-0.278310
32.164885

-0.278584
32.152784

-0.279324
32.120431

-0.282622
31.978171

-0.284500
31.897900

-0.286285
31.817705

-0.288782
31.687729

-0.290083
31.598195

-0.290622
31.551703

-0.291731
31.410741

-0.291904
31.312255

-0.291464
31.165729

-0.291073
31.118277

-0.289363
30.979645

-0.287622
30.894307

-0.285510
30.817865

-0.284324
30.783261

-0.280412
30.693522

-0.277456
30.650977

-0.274342
30.621516

-0.271119
30.606040

-0.266200
30.605753

-0.262985
30.625025

-0.259769
30.650052

-0.256616
30.671547

-0.251778
30.694714

-0.248508
30.695585

-0.246897
30.690949

-0.243642
30.672539

-0.240473
30.649582

-0.235783
30.620546

-0.234349
30.614796

-0.234250
30.614369

-0.234250
30.614369

-0.234234
30.614301

-0.233722
30.612097

-0.230631
30.599391

-0.227431
30.586972

-0.224136
30.574754

-0.220850
30.563382

-0.217589
30.552739

-0.214290
30.542697

-0.211001
30.533338

-0.206535
30.521324

-0.205130
30.516164

-0.204889
30.515160

-0.203994
30.511077

-0.202161
30.498358

-0.200167
30.478568

-0.199502
30.469734

-0.199471
30.469214

-0.198876
30.459261

-0.197315
30.430419

-0.195125
30.382928

-0.194950
30.378088

-0.194939
30.377759

-0.194939
30.377759

-0.194922
30.377286

-0.194911
30.376944

-0.194911
30.376944

-0.194902
30.376545

-0.194902
30.376545

-0.194898
30.376077

-0.194898
30.376077

-0.194900
30.375394

-0.194900
30.375394

-0.194900
30.375394

-0.195172
30.359060

-0.196223
30.314777

-0.199478
30.214417

-0.200818
30.184673

-0.203731
30.133701

-0.206823
30.096110

-0.211729
30.057595

-0.216543
30.022086

-0.218135
30.008787

-0.222439
29.968032

-0.223177
29.959327

-0.223499
29.954664

-0.223954
29.945384

-0.225235
29.914247

-0.227485
29.858369

-0.228780
29.827151

-0.232850
29.737822

-0.235675
29.690045

-0.237572
29.664967

-0.237820
29.662526

-0.239490
29.650534

-0.242646
29.644454

-0.247567
29.649784

-0.250971
29.651089

-0.256041
29.643563

-0.259379
29.624081

-0.261002
29.610463

-0.264213
29.576243

-0.268910
29.517983

-0.272041
29.478779

-0.275229
29.443018

-0.280097
29.401529

-0.281786
29.393974

-0.285187
29.386786

-0.290157
29.379603

-0.293537
29.375135

-0.298523
29.368559

-0.301945
29.364110

-0.303606
29.361925

-0.306981
29.357887

-0.312087
29.352569

-0.315500
29.349877

-0.318919
29.345287

-0.322309
29.337096

-0.325675
29.318362

-0.328921
29.287806

-0.333545
29.221677

-0.334995
29.193606

-0.337754
29.134371

-0.340466
29.071520

-0.344504
28.978310

-0.347332
28.920146

-0.351836
28.842024

-0.353351
28.817652

-0.356345
28.768183

-0.359255
28.714542

-0.363413
28.621916

-0.365759
28.547835

-0.366803
28.507162

-0.369393
28.378027

-0.370519
28.283006

-0.371438
28.134547

-0.371459
28.083839

-0.371126
27.984531

-0.370296
27.887113

-0.368267
27.748026

-0.366273
27.664534

-0.362609
27.553477

-0.361177
27.522483

-0.358099
27.469407

-0.353072
27.410216

-0.349472
27.389836

-0.345799
27.381650

-0.343961
27.379311

-0.338524
27.370723

-0.334874
27.357950

-0.329490
27.323598

-0.325950
27.292391

-0.324254
27.277620

-0.319020
27.234714

-0.315442
27.210033

-0.311856
27.189008

-0.308221
27.170683

-0.304575
27.157042

-0.300907
27.147187

-0.295367
27.138861

-0.291668
27.138586

-0.289844
27.139877

-0.284313
27.148722

-0.280654
27.159883

-0.271587
27.203696

-0.269781
27.215528

-0.264453
27.253791

-0.260875
27.277170

-0.255475
27.302292

-0.253646
27.306484

-0.249942
27.312220

-0.244455
27.314314

-0.240794
27.312530

-0.238946
27.312079

-0.235302
27.314511

-0.229787
27.325309

-0.226125
27.335082

-0.220660
27.351556

-0.217029
27.363015

-0.213400
27.374531

-0.211582
27.380208

-0.206134
27.397541

-0.202552
27.409927

-0.198936
27.422953

-0.195290
27.436542

-0.191665
27.450507

-0.186288
27.472413

-0.182696
27.487487

-0.180899
27.495204

-0.175495
27.519286

-0.171923
27.536085

-0.168333
27.553890

-0.162960
27.582546

-0.161197
27.592524

-0.157661
27.612889

-0.152314
27.644047

-0.148790
27.664977

-0.145257
27.686726

-0.143496
27.697944

-0.138229
27.732465

-0.134729
27.757035

-0.129529
27.797351

-0.126080
27.827047

-0.124358
27.842707

-0.120977
27.875127

-0.117582
27.910034

-0.112607
27.964673

-0.109303
28.004184

-0.106069
28.045241

-0.101240
28.110291

-0.098080
28.155838

-0.096507
28.178919

-0.093352
28.225450

-0.088645
28.296534

-0.085537
28.344846

-0.082444
28.391611

-0.077675
28.455483

-0.076058
28.473523

-0.072715
28.506296

-0.067651
28.546771

-0.064213
28.566563

-0.059015
28.590240

-0.057247
28.596133

-0.053816
28.610359

-0.050391
28.630408

-0.045461
28.673025

-0.043937
28.689600

-0.043857
28.690476

-0.043794
28.691161

-0.042066
28.708758

-0.039547
28.729350

-0.036838
28.744178

-0.033134
28.750936

-0.032671
28.749158

-0.032381
28.747077

-0.030967
28.731978

-0.026991
28.668777

-0.024559
28.611207

-0.023665
28.585020

-0.023393
28.575084

-0.023359
28.573406

-0.023352
28.572970

-0.023352
28.572970

-0.023352
28.572970

-0.023352
28.572970

-0.023352
28.572970

-0.023352
28.572970

-0.023345
28.572519

-0.023345
28.572519

-0.023345
28.572519

-0.023269
28.567031

-0.022309
28.499751

-0.021693
28.459362

-0.020225
28.368293

-0.017856
28.233614

-0.016182
28.144786

-0.014448
28.057395

-0.012739
27.970020

-0.011895
27.925778

-0.009584
27.791364

-0.008395
27.698982

-0.007106
27.555598

-0.006813
27.506515

-0.006330
27.406744

-0.005819
27.256185

-0.005455
27.156903

-0.004583
27.008498

-0.004097
26.959868

-0.002802
26.865792

-0.000540
26.727034

0.000939
26.635776

0.001652
26.589475

0.002933
26.494834

0.004650
26.350912

0.005666
26.255672

0.007173
26.111695

0.007775
26.064235

0.009186
25.971638

0.010979
25.882867

0.014105
25.755439

0.016501
25.676827

0.019131
25.602226

0.023156
25.492902

0.024452
25.455102

0.026891
25.376615

0.029990
25.251681

0.031173
25.181775

0.031582
25.154602

0.032052
25.119902

0.032102
25.115670

0.032889
25.055666

0.033499
25.018651

0.035204
24.934667

0.038029
24.833819

0.040141
24.783931

0.044127
24.715583

0.045787
24.694288

0.049496
24.651537

0.053254
24.611786

0.058868
24.551722

0.062541
24.508357

0.064363
24.486058

0.069842
24.417401

0.075297
24.347751

0.076870
24.327750

0.078013
24.313022

0.078404
24.307684

0.079981
24.284160

0.081277
24.263299

0.082847
24.236581

0.082972
24.234362

0.082972
24.234362

0.082972
24.234362

0.082972
24.234362

0.082972
24.234362

0.083000
24.233677

0.083000
24.233677

0.083233
24.225120

0.084324
24.165782

0.084957
24.103635

0.085058
24.081003

0.085051
24.077179

0.085051
24.077179

0.085033
24.068240

0.084908
24.026485

0.084263
23.911889

0.083711
23.864149

0.083544
23.854277

0.082311
23.809354

0.081299
23.782215

0.078326
23.718390

0.073744
23.645290

0.072030
23.630940

0.070792
23.624600

0.067356
23.616692

0.063908
23.619648

0.061597
23.628906

0.061578
23.629073

0.060529
23.641615

0.056865
23.701118

0.055430
23.728986

0.055318
23.731330

0.054149
23.753696

0.051460
23.801387

0.046144
23.882054

0.042372
23.928685

0.040512
23.951653

0.035021
24.024794

0.031592
24.081907

0.026605
24.173781

0.021751
24.264957

0.018464
24.327433

0.015287
24.390640

0.010795
24.493187

0.008188
24.571575

0.004610
24.694127

0.003454
24.734553

0.001133
24.816325

-0.001145
24.899241

-0.004425
25.025921

-0.006470
25.111762

-0.009296
25.244521

-0.010100
25.290470

-0.011415
25.384500

-0.012401
25.503800

-0.012522
25.554969

-0.012570
25.590383

-0.012663
25.728770

-0.012829
25.829201

-0.013458
25.979295

-0.013887
26.028359

-0.015898
26.168977

-0.016805
26.212946

-0.020080
26.336279

-0.022753
26.409515

-0.024137
26.443664

-0.028435
26.541772

-0.031385
26.603994

-0.034387
26.664602

-0.038908
26.755319

-0.040356
26.786665

-0.043134
26.853473

-0.046820
26.963998

-0.048673
27.046544

-0.049364
27.086337

-0.050661
27.187337

-0.050880
27.236208

-0.050764
27.364216

-0.049965
27.462660

-0.049383
27.510352

-0.047299
27.649380

-0.045771
27.740528

-0.043413
27.876017

-0.042618
27.919992

-0.040891
28.008778

-0.038155
28.136999

-0.036237
28.221889

-0.035265
28.263557

-0.033277
28.346563

-0.030207
28.469360

-0.028093
28.549895

-0.024874
28.667990

-0.023766
28.706792

-0.021519
28.783742

-0.019230
28.859341

-0.015744
28.971286

-0.012274
29.083017

-0.011157
29.120811

-0.008958
29.198339

-0.005805
29.317320

-0.003841
29.398536

-0.002874
29.440431

-0.001042
29.524377

0.001581
29.653348

0.003181
29.740661

0.005476
29.875897

0.006175
29.921230

0.007503
30.012325

0.009369
30.152496

0.010254
30.227209

0.010505
30.247070

0.010603
30.254580

0.010611
30.255217

0.010611
30.255217

0.010611
30.255217

0.010623
30.256122

0.010623
30.256122

0.010629
30.256574

0.010634
30.257026

0.010648
30.258117

0.010657
30.258757

0.010662
30.259209

0.010668
30.259662

0.010674
30.260114

0.010682
30.260753

0.010823
30.271813

0.011062
30.290652

0.012357
30.400329

0.012899
30.454062

0.012948
30.458675

0.012948
30.458675

0.012948
30.458675

0.012948
30.458675

0.012948
30.458675

0.012948
30.458675

0.012948
30.458675

0.012948
30.458675

0.012948
30.458675

0.012948
30.458675

0.012948
30.458675

0.012948
30.458675

0.012948
30.458675

0.012948
30.458675

0.012948
30.458675

0.012948
30.458675

0.013077
30.470460

0.013206
30.481628

0.013581
30.510225

0.014060
30.538847

0.014525
30.564943

0.015999
30.638563

0.016164
30.644934

0.016296
30.649166

0.017021
30.666460

0.020189
30.720410

0.023306
30.752169

0.024905
30.763075

0.029781
30.778800

0.033016
30.769992

0.037743
30.735185

0.039245
30.715957

0.042135
30.667779

0.044764
30.608602

0.048262
30.502502

0.051001
30.376084

0.051792
30.330507

0.053297
30.242577

0.054812
30.154019

0.057062
30.023851

0.059382
29.892620

0.060174
29.848576

0.062565
29.716620

0.064174
29.628208

0.064984
29.583783

0.066558
29.494806

0.068661
29.357966

0.069654
29.261945

0.070010
29.212048

0.070923
29.064106

0.071719
28.966830

0.073349
28.823891

0.074115
28.778943

0.077054
28.655093

0.078214
28.618556

0.082090
28.520370

0.084620
28.470364

0.085352
28.456537

0.085515
28.453252

0.085542
28.452687

0.085600
28.451495

0.085756
28.448224

0.086847
28.424493

0.089719
28.354996

0.090161
28.341976

0.090577
28.329682

0.091049
28.315546

0.092647
28.264772

0.095906
28.150763

0.098056
28.071149

0.099111
28.032102

0.101304
27.952650

0.104649
27.834739

0.106984
27.755010

0.110493
27.641333

0.111759
27.605933

0.114480
27.540168

0.119056
27.455448

0.122233
27.407589

0.125472
27.365209

0.125594
27.363652

0.125594
27.363652

0.125594
27.363652

0.125905
27.359687

0.126484
27.352069

0.130082
27.301432

0.133311
27.251517

0.136486
27.199432

0.141176
27.117508

0.142706
27.088773

0.147242
26.999638

0.150092
26.938983

0.153042
26.872782

0.154466
26.839369

0.158689
26.735915

0.161317
26.666034

0.163928
26.592912

0.167715
26.481070

0.170186
26.405390

0.171442
26.366694

0.173916
26.290144

0.177629
26.174675

0.180084
26.097864

0.183618
25.987256

0.184833
25.949003

0.187295
25.871102

0.190975
25.753831

0.193426
25.675067

0.195875
25.596080

0.197092
25.556648

0.200749
25.438150

0.203184
25.358069

0.206703
25.241366

0.207695
25.208102

0.208439
25.182965

0.208450
25.182575

0.208450
25.182575

0.208883
25.167523

0.209069
25.160443

0.209108
25.158685

0.209108
25.158685

0.209108
25.158685

0.209108
25.158685

0.209108
25.158685

0.209054
25.152773

0.208716
25.135710

0.208215
25.115534

0.205157
25.019390

0.202145
24.949186

0.200611
24.916819

0.195907
24.820101

0.192899
24.754215

0.188352
24.651303

0.186838
24.618024

0.183734
24.552526

0.178922
24.457502

0.175619
24.397346

0.173916
24.367779

0.168779
24.284012

0.165279
24.229535

0.161813
24.173455

0.156919
24.083967

0.155261
24.046387

0.154978
24.040162

0.154949
24.039502

0.154949
24.039502

0.154949
24.039502

0.154949
24.039502

0.154949
24.039502

0.154949
24.039502

0.154949
24.039502

0.154949
24.039502

0.154949
24.039502

0.154949
24.039502

0.154949
24.039502

0.154934
24.039172

0.154934
24.039172

0.154934
24.039172

0.154934
24.039172

0.154934
24.039172

0.154860
24.037523

0.153993
24.018621

0.150395
23.941204

0.148856
23.906677

0.145861
23.834218

0.141847
23.717455

0.139740
23.630193

0.137000
23.493649

0.136154
23.447638

0.134416
23.354839

0.131587
23.219393

0.129386
23.132138

0.128272
23.089101

0.124904
22.960163

0.122605
22.873552

0.120323
22.787646

0.118047
22.702091

0.115773
22.616928

0.113450
22.531045

0.109944
22.403210

0.107569
22.317031

0.106389
22.274149

0.102836
22.146371

0.100455
22.061883

0.098000
21.975739

0.094309
21.848500

0.093077
21.806524

0.090577
21.722072

0.086811
21.595826

0.084273
21.511376

0.082996
21.469204

0.079159
21.342936

0.076608
21.258762

0.074112
21.173640

0.069285
21.000788

0.068119
20.956293

0.066994
20.912301

0.064781
20.822144

0.061639
20.686901

0.059671
20.595804

0.056855
20.457150

0.055958
20.409999

0.054202
20.316087

0.051629
20.175724

0.049910
20.081243

0.048171
19.986849

0.046423
19.892463

0.044689
19.798042

0.042949
19.703749

0.040309
19.562562

0.038535
19.468651

0.037656
19.422183

0.034934
19.280305

0.033127
19.185849

0.030416
19.046067

0.028590
18.953036

0.027694
18.906349

0.026054
18.811511

0.024169
18.665225

0.023435
18.565824

0.023051
18.465969

0.023415
18.315807

0.023959
18.266912

0.025605
18.171790

0.027968
18.082314

0.031075
17.998440

0.036745
17.888029

0.041280
17.829730

0.048786
17.762445

0.051438
17.747784

0.056957
17.728535

0.065445
17.723110

0.070993
17.739814

0.076350
17.770704

0.078938
17.791285

0.086146
17.869053

0.090233
17.936741

0.093728
18.014219

0.097925
18.143943

0.100075
18.237006

0.101115
18.283651

0.104179
18.422497

0.106279
18.514201

0.108615
18.603963

0.112170
18.718836

0.113530
18.760063

0.116489
18.842782

0.119239
18.907710

0.119416
18.910514

0.120424
18.922176

0.121668
18.932283

0.125587
18.955064

0.129233
18.966609

0.132113
18.967478

0.133423
18.963098

0.134073
18.959562

0.136624
18.939128

0.139918
18.897073

0.143832
18.831382

0.148988
18.715825

0.150367
18.672698

0.152652
18.581189

0.154950
18.436906

0.155658
18.337338

0.156052
18.237846

0.156281
18.138452

0.156413
18.037371

0.156627
17.937460

0.157381
17.788058

0.158571
17.690944

0.159420
17.642855

0.162461
17.502616

0.165267
17.414373

0.168736
17.334436

0.174926
17.229789

0.179684
17.172351

0.182187
17.144741

0.187141
17.092205

0.194712
17.016324

0.200001
16.972320

0.205510
16.937237

0.214161
16.905153

0.217120
16.902859

0.223034
16.909101

0.228794
16.929483

0.237069
16.983129

0.242052
17.037382

0.248578
17.137910

0.252616
17.209839

0.254596
17.246997

0.258227
17.314516

0.260393
17.353175

0.260393
17.353175

0.260393
17.353175

0.260635
17.357241

0.262611
17.388538

0.263465
17.400103

0.265237
17.420504

0.268058
17.443898

0.270099
17.452937

0.271150
17.455599

0.273055
17.457128

0.274538
17.454962

0.274661
17.454347

0.274685
17.454128

0.274708
17.453850

0.274728
17.453519

0.274746
17.453143

0.274746
17.453143

0.274755
17.452685

0.274760
17.452208

0.274764
17.451727

0.274724
17.441935

0.273851
17.372751

0.272460
17.316780

0.271592
17.290188

0.269318
17.235187

0.261356
17.108089

0.258896
17.081898

0.250867
17.018068

0.248038
17.004892

0.242218
16.989022

0.236298
16.987335

0.227497
17.002426

0.221706
17.022329

0.213102
17.055576

0.210232
17.065899

0.204467
17.083017

0.195709
17.095602

0.189874
17.090458

0.186947
17.084648

0.178284
17.057670

0.172476
17.037352

0.166673
17.021435

0.157905
17.010854

0.154985
17.014018

0.149155
17.029966

0.140540
17.060821

0.134768
17.081161

0.126109
17.107491

0.123188
17.114839

0.117383
17.127256

0.108668
17.137901

0.102789
17.140143

0.099862
17.141712

0.091184
17.152440

0.085393
17.168010

0.076830
17.197092

0.073984
17.208902

0.068394
17.234201

0.059985
17.276824

0.054466
17.308050

0.051740
17.323871

0.046252
17.356280

0.038123
17.405196

0.032697
17.437283

0.024419
17.479797

0.018786
17.496718

0.015962
17.500752

0.010235
17.498739

0.001800
17.474342

-0.003630
17.439118

-0.011155
17.367975

-0.013457
17.337234

-0.017667
17.268357

-0.023061
17.150227

-0.025721
17.061396

-0.027648
16.967650

-0.029057
16.869900

-0.029850
16.770268

-0.030370
16.669554

-0.031052
16.520682

-0.031370
16.471191

-0.032290
16.372646

-0.033749
16.274656

-0.036653
16.131303

-0.039123
16.039427

-0.043558
15.907087

-0.045248
15.865040

-0.048850
15.782007

-0.054392
15.659159

-0.058105
15.577910

-0.063711
15.455798

-0.065588
15.415162

-0.069374
15.333563

-0.073184
15.252023

-0.082824
15.048720

-0.084786
15.008205

-0.090706
14.886962

-0.096586
14.764466

-0.098468
14.722381

-0.103597
14.592473

-0.104971
14.546451

-0.107226
14.452142

-0.108775
14.354820

-0.109891
14.205624

-0.109534
14.105050

-0.107697
13.957148

-0.106632
13.909469

-0.103918
13.817294

-0.100425
13.729547

-0.094000
13.608070

-0.088802
13.536540

-0.083209
13.470779

-0.074400
13.377759

-0.071374
13.348910

-0.065060
13.294282

-0.054993
13.225972

-0.051403
13.209959

-0.044014
13.188842

-0.032658
13.180909

-0.025172
13.196140

-0.014375
13.242393

-0.011032
13.265580

-0.004756
13.321670

0.000928
13.387965

0.008602
13.495059

0.012761
13.577537

0.014500
13.621860

0.017226
13.713957

0.019723
13.857171

0.020448
13.955827

0.021495
14.096780

0.021866
14.139033

0.022261
14.183025

0.022301
14.188644

0.022307
14.189611

0.022474
14.217396

0.023121
14.282274

0.023651
14.320652

0.024605
14.372259

0.024974
14.386956

0.025715
14.416431

0.027891
14.502955

0.028799
14.539975

0.030864
14.625132

0.034257
14.767107

0.035378
14.814647

0.038574
14.950859

0.040824
15.044668

0.044285
15.184948

0.045513
15.232245

0.048003
15.324889

0.050588
15.415915

0.054484
15.544350

0.055192
15.566004

0.055422
15.572760

0.055422
15.572760

0.055792
15.583522

0.057362
15.626081

0.060309
15.696328

0.063730
15.764321

0.064125
15.770523

0.064147
15.770866

0.064168
15.771209

0.064233
15.772240

0.065067
15.785301

0.066426
15.805180

0.066921
15.811690

0.066947
15.811942

0.066947
15.811942

0.066947
15.811942

0.066947
15.811942

0.066989
15.812153

0.069492
15.824399

0.073452
15.840384

0.075200
15.845716

0.076063
15.848200

0.076979
15.850797

0.080836
15.863666

0.086841
15.889969

0.087246
15.892031

0.087246
15.892031

0.087644
15.894054

0.088493
15.898261

0.089913
15.904809

0.089979
15.905099

0.089979
15.905099

0.090110
15.905678

0.090940
15.909301

0.091273
15.910535

0.091316
15.910624

0.091316
15.910624

0.091316
15.910624

0.091316
15.910624

0.091316
15.910624

0.091316
15.910624

0.091716
15.904651

0.092286
15.893271

0.094271
15.843721

0.096913
15.761073

0.100733
15.620797

0.103187
15.529112

0.104521
15.483080

0.109055
15.349339

0.112906
15.268030

0.117452
15.196502

0.125403
15.105913

0.134576
15.046818

0.141068
15.023057

0.150981
14.999507

0.157649
14.987432

0.167654
14.969934

0.174327
14.961790

0.177694
14.959647

0.184347
14.959273

0.194436
14.967402

0.201110
14.979023

0.206100
14.987230

0.206854
14.988399

0.206854
14.988399

0.206854
14.988399

0.206854
14.988399

0.206854
14.988399

0.206854
14.988399

0.207131
14.988792

0.209394
14.991548

0.214127
14.994103

0.218733
14.991264

0.220347
14.987604

0.220576
14.986603

0.221338
14.983101

0.222478
14.977322

0.224839
14.961315

0.228326
14.930064

0.235748
14.840148

0.240177
14.761941

0.242086
14.720331

0.247081
14.585728

0.250234
14.497710

0.253585
14.411086

0.259327
14.286120

0.261632
14.247565

0.266731
14.178826

0.272461
14.121807

0.279864
14.068950

0.280784
14.065256

0.280784
14.065256

0.280784
14.065256

0.283283
14.057386

0.285467
14.049591

0.294950
14.007233

0.301470
13.963924

0.304571
13.938272

0.313075
13.849483

0.316026
13.804311

0.316385
13.797092

0.318115
13.744494

0.318881
13.708257

0.320112
13.613340

0.320401
13.462390

0.319472
13.385492

0.318347
13.331303

0.317676
13.295462

0.316185
13.231046

0.315639
13.211800

0.315545
13.208494

0.315256
13.198459

0.313783
13.151475

0.309170
13.031330

0.307164
12.993854

0.306921
12.990175

0.301224
12.935623

0.293141
12.890173

0.289454
12.876205

0.281694
12.852862

0.270166
12.823242

0.266350
12.812539

0.258721
12.787086

0.247466
12.738508

0.240205
12.701814

0.232814
12.664531

0.225361
12.631713

0.217649
12.603986

0.209761
12.589343

0.201754
12.587254

0.189853
12.591420

0.181934
12.595591

0.173967
12.600974

0.170055
12.604103

0.158224
12.615657

0.150210
12.624818

0.142187
12.631443

0.130274
12.630677

0.126430
12.625277

0.118635
12.605946

0.107148
12.562559

0.099568
12.529607

0.088072
12.487341

0.084121
12.477319

0.076140
12.463524

0.068130
12.458072

0.056045
12.457904

0.048007
12.463132

0.043959
12.466968

0.035955
12.475316

0.023952
12.489125

0.015935
12.498591

0.004010
12.513728

-0.003931
12.524506

-0.011943
12.535967

-0.015901
12.541973

-0.027765
12.565226

-0.035440
12.590893

-0.046420
12.647890

-0.052945
12.703922

-0.055932
12.736189

-0.063912
12.847081

-0.067926
12.933114

-0.069551
12.978733

-0.072013
13.073244

-0.073982
13.220673

-0.073815
13.320884

-0.071935
13.469027

-0.070775
13.516666

-0.068170
13.612521

-0.064549
13.753421

-0.062649
13.849398

-0.061339
13.947785

-0.060508
14.044233

-0.060158
14.111578

-0.060084
14.124066

-0.060021
14.134132

-0.060016
14.134815

-0.060016
14.134815

-0.060013
14.135298

-0.060007
14.136265

-0.060007
14.136265

-0.060007
14.136265

-0.060003
14.136948

-0.060000
14.137431

-0.059997
14.137914

-0.059995
14.138398

-0.059991
14.139082

-0.059988
14.139564

-0.059985
14.140048

-0.059985
14.140048

-0.059982
14.140531

-0.059979
14.141014

-0.059976
14.141498

-0.059972
14.142182

-0.059972
14.142182

-0.059969
14.142664

-0.059969
14.142664

-0.059969
14.142664

-0.059963
14.143631

-0.059959
14.144315

-0.059959
14.144315

-0.059959
14.144315

-0.059957
14.144798

-0.059954
14.145282

-0.059951
14.145764

-0.059951
14.145764

-0.059947
14.146448

-0.059947
14.146448

-0.059944
14.146931

-0.059941
14.147415

-0.059938
14.147898

-0.059938
14.147898

-0.059938
14.147898

-0.059934
14.148581

-0.059934
14.148581

-0.059934
14.148581

-0.059934
14.148581

-0.059934
14.148581

-0.059934
14.148581

-0.059934
14.148581

-0.059931
14.149065

-0.059929
14.149548

-0.059926
14.150032

-0.059926
14.150032

-0.059926
14.150032

-0.059763
14.175358

-0.059549
14.200786

-0.058843
14.259428

-0.057163
14.345885

-0.055795
14.386009

-0.055387
14.394895

-0.055072
14.400309

-0.054653
14.405365

-0.054281
14.408694

-0.053653
14.412610

-0.053204
14.413945

-0.052934
14.414357

-0.051991
14.413937

-0.050244
14.408619

-0.045509
14.383232

-0.043865
14.369909

-0.040836
14.339063

-0.038084
14.302171

-0.033658
14.221907

-0.030472
14.133848

-0.028087
14.038689

-0.026390
13.940561

-0.025930
13.839958

-0.028627
13.591339

-0.030873
13.495242

-0.033380
13.400062

-0.035934
13.305674

-0.039832
13.163462

-0.041120
13.116819

-0.043631
13.021235

-0.046952
12.877625

-0.049027
12.780724

-0.050067
12.732439

-0.053213
12.586891

-0.057391
12.393172

-0.060575
12.248167

-0.062699
12.151437

-0.064854
12.054032

-0.067012
11.956930

-0.070253
11.810991

-0.071335
11.762205

-0.073491
11.665265

-0.077121
11.520685

-0.078626
11.473521

-0.082250
11.382358

-0.089347
11.255990

-0.095590
11.184059

-0.102692
11.122927

-0.114311
11.044096

-0.118405
11.021647

-0.126764
10.982037

-0.139782
10.933352

-0.148610
10.906187

-0.153025
10.892610

-0.166202
10.848160

-0.174778
10.808788

-0.183224
10.763838

-0.195767
10.697044

-0.199939
10.676661

-0.208652
10.639792

-0.222370
10.599396

-0.231671
10.585224

-0.241209
10.578791

-0.250704
10.576444

-0.260131
10.575517

-0.269597
10.572930

-0.279099
10.565018

-0.293311
10.549158

-0.302695
10.542650

-0.307472
10.541979

-0.321625
10.552812

-0.330796
10.577416

-0.344237
10.629097

-0.348618
10.646936

-0.357386
10.683346

-0.366072
10.720067

-0.379064
10.776985

-0.387703
10.813757

-0.396436
10.847123

-0.405199
10.877071

-0.414106
10.901355

-0.423120
10.921128

-0.436699
10.943514

-0.445799
10.951801

-0.450373
10.954227

-0.464078
10.955875

-0.473142
10.949451

-0.482256
10.937371

-0.495806
10.909839

-0.500242
10.897024

-0.509023
10.866753

-0.522151
10.816791

-0.531027
10.789836

-0.535562
10.779416

-0.549385
10.762901

-0.558546
10.771648

-0.571992
10.808830

-0.579743
10.850011

-0.582006
10.865521

-0.582800
10.871642

-0.583019
10.873625

-0.583019
10.873625

-0.584732
10.889403

-0.586530
10.907127

-0.591486
10.961106

-0.599501
11.068606

-0.602515
11.128991

-0.603427
11.155660

-0.603616
11.163762

-0.603911
11.207340

-0.603443
11.286883

-0.601670
11.385575

-0.597179
11.527211

-0.592646
11.614212

-0.587278
11.692046

-0.584305
11.727575

-0.574446
11.822276

-0.566992
11.870111

-0.555088
11.922556

-0.546786
11.939312

-0.542612
11.942715

-0.530020
11.936920

-0.521935
11.914745

-0.509921
11.859944

-0.506108
11.837580

-0.498465
11.794958

-0.490639
11.756155

-0.478573
11.708723

-0.457328
11.668898

-0.453103
11.662033

-0.444683
11.646930

-0.432058
11.616329

-0.423896
11.583095

-0.419947
11.562372

-0.408122
11.495665

-0.400133
11.455461

-0.391940
11.422311

-0.379085
11.388772

-0.374642
11.382916

-0.365869
11.372956

-0.352823
11.354805

-0.344200
11.334145

-0.339937
11.321460

-0.327214
11.277295

-0.318901
11.240691

-0.306587
11.180174

-0.298320
11.140684

-0.294138
11.121439

-0.285774
11.084554

-0.273219
11.032946

-0.264767
11.000061

-0.260536
10.984085

-0.247694
10.937319

-0.239077
10.906120

-0.230502
10.871180

-0.217950
10.807620

-0.210296
10.750917

-0.206731
10.718576

-0.200179
10.646401

-0.191833
10.525034

-0.187427
10.435659

-0.184615
10.364284

-0.184046
10.346251

-0.183977
10.343388

-0.183944
10.341973

-0.183944
10.341973

-0.183944
10.341973

-0.183933
10.341502

-0.183933
10.341502

-0.183922
10.341030

-0.183911
10.340559

-0.183900
10.340088

-0.183889
10.339617

-0.183867
10.338673

-0.183845
10.337729

-0.183813
10.336313

-0.183803
10.335841

-0.183803
10.335841

-0.183792
10.335369

-0.183792
10.335369

-0.183771
10.334424

-0.183760
10.333951

-0.183750
10.333477

-0.183729
10.332532

-0.183719
10.332059

-0.183708
10.331585

-0.183708
10.331585

-0.183708
10.331585

-0.183698
10.331112

-0.183688
10.330638

-0.183678
10.330165

-0.183616
10.327284

-0.182332
10.269783

-0.180260
10.184161

-0.178987
10.135500

-0.174769
9.988204

-0.171959
9.892452

-0.169581
9.796045

-0.167015
9.647665

-0.166569
9.598459

-0.166195
9.497827

-0.166449
9.396327

-0.166937
9.296002

-0.167706
9.146506

-0.168253
9.046638

-0.169099
8.895866

-0.169420
8.845409

-0.170100
8.744727

-0.170789
8.644915

-0.171859
8.494883

-0.172573
8.394856

-0.173625
8.243495

-0.173956
8.193898

-0.174590
8.093816

-0.175215
7.993075

-0.175798
7.893825

-0.176636
7.743187

-0.177143
7.642588

-0.177856
7.493165

-0.178281
7.392948

-0.178474
7.343476

-0.179037
7.192449

-0.179358
7.091522

-0.179503
7.041795

-0.179879
6.890437

-0.180077
6.790523

-0.180223
6.690162

-0.180352
6.539103

-0.180364
6.489110

-0.180365
6.388230

-0.180269
6.238363

-0.180130
6.137223

-0.179936
6.036902

-0.179804
5.986833

-0.179333
5.837085

-0.178686
5.686808

-0.178150
5.587056

-0.177852
5.536733

-0.176853
5.385950

-0.176060
5.285678

-0.175162
5.185427

-0.174186
5.085525

-0.173080
4.985652

-0.171867
4.885968

-0.169803
4.735046

-0.168284
4.635137

-0.167504
4.585416

-0.165458
4.435439

-0.165365
4.334726

-0.168663
4.185918

-0.171553
4.137393

-0.180033
4.043450

-0.192078
3.955999

-0.216090
3.838812

-0.236475
3.776175

-0.259672
3.726630

-0.284618
3.688796

-0.311242
3.668626

-0.352326
3.659364

-0.366106
3.661734

-0.460453
3.706486

-0.499985
3.735945

-0.525738
3.763907

-0.550223
3.801071

-0.573938
3.844781

-0.596691
3.891828

-0.618954
3.941255

-0.640837
3.991768

-0.673112
4.066940

-0.683999
4.089958

-0.706165
4.131019

-0.740019
4.188220

-0.761558
4.228464

-0.782310
4.275213

-0.802223
4.328163

-0.820483
4.388108

-0.837409
4.454134

-0.860934
4.562387

-0.875419
4.637838

-0.882461
4.676019

-0.896105
4.751917

-0.909767
4.829359

-0.929247
4.943861

-0.942121
5.021026

-0.961000
5.136326

-0.967262
5.174933

-0.979598
5.250656

-0.998015
5.364342

-1.010302
5.439295

-1.022552
5.513784

-1.028652
5.550785

-1.046730
5.660649

-1.054206
5.705119

-1.054817
5.708790

-1.054817
5.708790

-1.054817
5.708790

-1.054817
5.708790

-1.056733
5.720192

-1.059257
5.734191

-1.063221
5.752945

-1.063578
5.754235

-1.063652
5.754462

-1.063733
5.754598

-1.063733
5.754598

-1.063733
5.754598

-1.063733
5.754598

-1.063848
5.754414

-1.063954
5.754095

-1.063954
5.754095

-1.064019
5.753785

-1.064071
5.753405

-1.064113
5.752987

-1.064614
5.745653

-1.065032
5.734714

-1.065240
5.716508

-1.064542
5.688462

-1.063368
5.661493

-1.058213
5.583690

-1.044735
5.451695

-1.032601
5.375290

-1.019446
5.303237

-1.005733
5.234327

-0.991847
5.164612

-0.971638
5.055671

-0.959742
4.975468

-0.954440
4.932488

-0.941370
4.797174

-0.936089
4.699419

-0.932701
4.550397

-0.933325
4.500239

-0.936960
4.401326

-0.943930
4.305600

-0.953935
4.212820

-0.970649
4.080128

-0.983374
3.994236

-1.005713
3.872492

-1.014661
3.836043

-1.034521
3.770452

-1.068652
3.688051

-1.092520
3.639550

-1.104672
3.616129

-1.142095
3.548673

-1.167877
3.505729

-1.194144
3.464705

-1.234803
3.409433

-1.248965
3.394419

-1.277930
3.370608

-1.322157
3.355711

-1.351714
3.367006

-1.380294
3.395105

-1.393740
3.414953

-1.430662
3.493220

-1.450898
3.563311

-1.475723
3.684301

-1.489566
3.770220

-1.496143
3.813407

-1.513951
3.933704

-1.522861
3.996122

-1.540521
4.106996

-1.547203
4.142302

-1.558606
4.194764

-1.558849
4.195804

-1.561627
4.207842

-1.576609
4.280663

-1.588475
4.354904

-1.593226
4.391131

-1.593593
4.394119

-1.593699
4.394970

-1.593752
4.395396

-1.593752
4.395396

-1.593804
4.395822

-1.593804
4.395822

-1.594068
4.397951

-1.597101
4.423322

-1.604645
4.496968

-1.605402
4.506760

-1.605515
4.508207

-1.605515
4.508207

-1.605515
4.508207

-1.605730
4.510992

-1.608601
4.547076

-1.610095
4.563336

-1.613590
4.596060

-1.615738
4.612200

-1.615862
4.612984

-1.618614
4.624382

-1.621842
4.635562

-1.629791
4.658121

-1.630575
4.659522

-1.630575
4.659522

-1.630575
4.659522

-1.630679
4.659469

-1.630880
4.659232

-1.630880
4.659232

-1.630970
4.658988

-1.631052
4.658689

-1.631052
4.658689

-1.631226
4.657387

-1.632810
4.641426

-1.633367
4.631447

-1.633420
4.629716

-1.633497
4.586745

-1.630941
4.512644

-1.625822
4.415643

-1.611134
4.223220

-1.606625
4.176425

-1.601853
4.130726

-1.591046
4.040182

-1.554374
3.837470

-1.524280
3.737632

-1.513317
3.709017

-1.490411
3.655144

-1.454523
3.578855

-1.430167
3.525675

-1.405886
3.472174

-1.393514
3.446260

-1.354600
3.375699

-1.326667
3.340199

-1.282500
3.309709

-1.252156
3.312730

-1.208085
3.345162

-1.194345
3.364963

-1.168620
3.414531

-1.134042
3.507449

-1.124092
3.543126

-1.105193
3.619539

-1.079425
3.735181

-1.071307
3.774306

-1.055426
3.854260

-1.040168
3.935563

-1.018537
4.059496

-1.005581
4.143197

-0.987941
4.273989

-0.982695
4.318635

-0.972926
4.410111

-0.960134
4.549133

-0.953034
4.643743

-0.946941
4.739424

-0.944221
4.788019

-0.937004
4.934149

-0.932591
5.032551

-0.925618
5.178837

-0.922805
5.227652

-0.916603
5.322042

-0.906198
5.461334

-0.898999
5.553894

-0.888681
5.692082

-0.885374
5.737965

-0.878816
5.830762

-0.872464
5.923802

-0.863393
6.064388

-0.857926
6.158696

-0.855343
6.206580

-0.848351
6.349376

-0.844313
6.446409

-0.839082
6.592510

-0.837580
6.642112

-0.834958
6.740855

-0.832728
6.840294

-0.829767
6.989349

-0.827930
7.088189

-0.825264
7.238031

-0.824433
7.287534

-0.822756
7.386882

-0.817994
7.583666

-0.816089
7.631673

-0.813865
7.678179

-0.808198
7.768730

-0.797526
7.892851

-0.789168
7.969800

-0.777077
8.081380

-0.772988
8.120180

-0.764964
8.197101

-0.752926
8.308825

-0.744579
8.381087

-0.735907
8.448998

-0.722201
8.539044

-0.716891
8.567269

-0.706565
8.614497

-0.695881
8.653852

-0.679189
8.704964

-0.668483
8.734192

-0.663099
8.749063

-0.646845
8.793814

-0.635859
8.820816

-0.619423
8.855872

-0.613826
8.865465

-0.602656
8.879404

-0.591358
8.884920

-0.580160
8.882286

-0.563253
8.866086

-0.552173
8.847890

-0.535591
8.812955

-0.530181
8.798115

-0.519519
8.762308

-0.509275
8.719169

-0.499290
8.668109

-0.485118
8.580719

-0.476492
8.512989

-0.464539
8.401744

-0.460992
8.361384

-0.454517
8.277334

-0.446188
8.145159

-0.441904
8.050495

-0.438562
7.954471

-0.435669
7.856543

-0.433485
7.758070

-0.430257
7.609739

-0.428102
7.510662

-0.427024
7.461362

-0.423732
7.312493

-0.421535
7.213371

-0.419331
7.114225

-0.417141
7.016012

-0.414910
6.916828

-0.412670
6.817613

-0.409264
6.669014

-0.407015
6.570691

-0.405854
6.520818

-0.402392
6.372584

-0.400062
6.273724

-0.396506
6.124429

-0.395310
6.074971

-0.392935
5.976501

-0.389275
5.827577

-0.386850
5.729020

-0.384634
5.629631

-0.383754
5.579634

-0.381956
5.429552

-0.381797
5.329110

-0.383085
5.179470

-0.384240
5.129672

-0.387763
5.031956

-0.393204
4.935473

-0.404662
4.796127

-0.415132
4.709314

-0.434277
4.588905

-0.441787
4.552745

-0.458329
4.486008

-0.476656
4.427943

-0.506689
4.356960

-0.528475
4.324094

-0.539666
4.311882

-0.574158
4.288991

-0.597458
4.285828

-0.632499
4.291139

-0.644091
4.295851

-0.667154
4.308914

-0.690009
4.326396

-0.723613
4.359766

-0.745631
4.387745

-0.777633
4.439252

-0.787681
4.461389

-0.806576
4.514341

-0.831235
4.614491

-0.843730
4.694599

-0.848879
4.737648

-0.860894
4.878390

-0.864630
4.976726

-0.865534
5.126272

-0.864296
5.175312

-0.860617
5.274147

-0.856123
5.371208

-0.849188
5.516293

-0.845385
5.614210

-0.842868
5.713273

-0.841713
5.808328

-0.842544
5.867139

-0.843708
5.896817

-0.846997
5.944911

-0.853133
6.001580

-0.857691
6.038233

-0.873238
6.156897

-0.884028
6.231498

-0.895410
6.301925

-0.913843
6.395555

-0.927562
6.443032

-0.934690
6.462534

-0.949318
6.492585

-0.971287
6.518111

-0.979962
6.519167

-0.994323
6.518731

-1.001599
6.520191

-1.016249
6.527868

-1.045353
6.551041

-1.052961
6.558707

-1.060459
6.567740

-1.082151
6.601692

-1.103722
6.641292

-1.110429
6.656113

-1.117459
6.673122

-1.117459
6.673122

-1.117459
6.673122

-1.117459
6.673122

-1.117459
6.673122

-1.117459
6.673122

-1.117459
6.673122

-1.118964
6.677073

-1.130454
6.710770

-1.136020
6.729541

-1.144365
6.760241

-1.146658
6.769327

-1.146658
6.769327

-1.147582
6.773032

-1.148128
6.775350

-1.149076
6.779700

-1.149250
6.780559

-1.149660
6.782605

-1.151208
6.790480

-1.152874
6.799855

-1.153033
6.800827

-1.153087
6.801151

-1.153087
6.801151

-1.153427
6.803231

-1.155127
6.814110

-1.156264
6.822644

-1.157326
6.831606

-1.158068
6.839952

-1.158658
6.848899

-1.159288
6.864080

-1.159416
6.871605

-1.159419
6.906616

-1.157970
6.978705

-1.154578
7.065295

-1.152829
7.097958

-1.152420
7.103609

-1.152357
7.104469

-1.152134
7.107511

-1.151444
7.117034

-1.146479
7.191460

-1.145610
7.207598

-1.145203
7.214983

-1.142956
7.256524

-1.139353
7.334444

-1.133987
7.476583

-1.130781
7.571266

-1.129220
7.620471

-1.125151
7.766614

-1.122909
7.862209

-1.121838
7.911750

-1.119067
8.061116

-1.117853
8.161057

-1.117561
8.261508

-1.119033
8.406535

-1.121261
8.500032

-1.122442
8.539620

-1.126419
8.646857

-1.130302
8.719895

-1.131423
8.738810

-1.131423
8.738810

-1.131423
8.738810

-1.132164
8.751386

-1.134945
8.796188

-1.142423
8.917189

-1.146987
9.002633

-1.148906
9.045964

-1.148964
9.048331

-1.149013
9.051731

-1.149030
9.055040

-1.149199
9.114876

-1.148361
9.251384

-1.147635
9.301112

-1.145625
9.400422

-1.141949
9.494774

-1.136994
9.583416

-1.129134
9.687329

-1.127918
9.699542

-1.127729
9.701201

-1.126917
9.708283

-1.121425
9.754103

-1.120409
9.761613

-1.118657
9.774404

-1.109424
9.835634

-1.105031
9.860030

-1.095716
9.902487

-1.081129
9.946297

-1.071146
9.957176

-1.061058
9.955156

-1.051084
9.943857

-1.041344
9.916133

-1.033638
9.883558

-1.031601
9.872803

-1.031316
9.870908

-1.031316
9.870908

-1.030582
9.866006

-1.023615
9.820610

-1.015325
9.769034

-1.002204
9.692837

-0.997702
9.668032

-0.988631
9.620071

-0.974824
9.552311

-0.965533
9.510112

-0.960795
9.489548

-0.946131
9.430241

-0.936173
9.394256

-0.920920
9.344411

-0.910676
9.313572

-0.905538
9.297496

-0.890459
9.245001

-0.881938
9.204211

-0.871749
9.135021

-0.865165
9.076768

-0.861814
9.038441

-0.855220
8.956457

-0.847871
8.865382

-0.846953
8.854612

-0.846902
8.854092

-0.846729
8.852492

-0.846682
8.852231

-0.846682
8.852231

-0.846526
8.851785

-0.841512
8.845395

-0.832829
8.847147

-0.827302
8.851467

-0.810334
8.868862

-0.799156
8.882014

-0.782362
8.906300

-0.776890
8.917826

-0.766206
8.947688

-0.740991
9.057325

-0.731246
9.104132

-0.716773
9.176211

-0.707298
9.225223

-0.697892
9.275312

-0.693267
9.300623

-0.684039
9.352140

-0.670425
9.431848

-0.661577
9.486277

-0.648410
9.570641

-0.644173
9.598614

-0.635620
9.656120

-0.627126
9.714909

-0.615420
9.794385

-0.612564
9.810774

-0.612154
9.812504

-0.611534
9.814700

-0.607437
9.822536

-0.599348
9.827383

-0.584136
9.815884

-0.579103
9.804349

-0.564746
9.751588

-0.555599
9.704612

-0.547317
9.643507

-0.536396
9.537057

-0.533243
9.496326

-0.527575
9.411594

-0.520177
9.278490

-0.515053
9.191122

-0.512334
9.146909

-0.503948
9.017576

-0.498123
8.931828

-0.489768
8.800952

-0.487363
8.755790

-0.482677
8.663665

-0.475875
8.524616

-0.471573
8.431000

-0.469485
8.384188

-0.465356
8.289938

-0.459122
8.148466

-0.454950
8.053841

-0.448630
7.913052

-0.446471
7.865396

-0.442209
7.771544

-0.437877
7.676735

-0.431298
7.534520

-0.426827
7.440426

-0.422244
7.346070

-0.417515
7.252250

-0.412457
7.158842

-0.404532
7.019543

-0.399719
6.925261

-0.395826
6.829254

-0.394391
6.779766

-0.391535
6.630248

-0.390030
6.530972

-0.387124
6.381166

-0.385642
6.332105

-0.381574
6.235579

-0.372764
6.096412

-0.364595
6.009160

-0.350836
5.881288

-0.346009
5.839971

-0.335944
5.759021

-0.325081
5.680063

-0.307100
5.569548

-0.293716
5.502446

-0.286585
5.470577

-0.271697
5.411555

-0.247938
5.333180

-0.230918
5.289294

-0.213298
5.252190

-0.185957
5.208359

-0.166998
5.188761

-0.157483
5.181813

-0.138272
5.173421

-0.109205
5.173496

-0.080462
5.190337

-0.070988
5.200064

-0.052386
5.224953

-0.034238
5.256930

0.000119
5.339796

0.008279
5.365099

0.023732
5.420225

0.038162
5.482144

0.050437
5.555377

0.061163
5.636692

0.075932
5.761232

0.089945
5.886373

0.094527
5.928780

0.103456
6.013572

0.112153
6.099302

0.124578
6.228139

0.128567
6.271688

0.136288
6.358504

0.147508
6.489961

0.154755
6.578257

0.158334
6.623045

0.168644
6.757050

0.175215
6.846402

0.184753
6.980916

0.187875
7.026079

0.194012
7.116575

0.202888
7.252442

0.208614
7.343189

0.211472
7.389241

0.219750
7.525362

0.225212
7.616768

0.233356
7.753436

0.238948
7.843295

0.241916
7.887503

0.248361
7.973203

0.259077
8.087739

0.263212
8.119109

0.263451
8.120567

0.264098
8.124364

0.264147
8.124634

0.264217
8.125019

0.264366
8.125834

0.264476
8.126444

0.265608
8.133038

0.272184
8.177652

0.278480
8.235560

0.284022
8.304833

0.291355
8.439523

0.292876
8.487734

0.294736
8.737795

0.292561
8.835761

0.288934
8.930027

0.281264
9.064099

0.274551
9.143222

0.267545
9.220700

0.264181
9.259553

0.254673
9.380301

0.249414
9.467525

0.246471
9.533644

0.246047
9.547744

0.246008
9.549453

0.245648
9.565877

0.244715
9.617301

0.243934
9.685226

0.243697
9.727347

0.243657
9.736942

0.243657
9.736942

0.243656
9.737427

0.243654
9.737911

0.243640
9.741823

0.243586
9.774424

0.243744
9.826700

0.244139
9.868236

0.244139
9.868236

0.244274
9.877160

0.245166
9.927549

0.245684
9.947057

0.245821
9.950971

0.246242
9.960184

0.246532
9.964079

0.247052
9.969179

0.252123
10.005440

0.260040
10.043285

0.269576
10.074670

0.274498
10.085723

0.286121
10.100448

0.287808
10.099211

0.287921
10.098973

0.288754
10.095603

0.292103
10.077446

0.299417
10.022583

0.305704
9.953793

0.311304
9.873798

0.313656
9.832030

0.319311
9.699365

0.321289
9.605450

0.321935
9.507538

0.321123
9.407575

0.317455
9.260916

0.315367
9.214794

0.307289
9.084441

0.300040
9.008318

0.292115
8.936848

0.279740
8.833768

0.271542
8.763646

0.267592
8.727550

0.260121
8.651445

0.253564
8.568887

0.245784
8.434213

0.242675
8.337497

0.241161
8.238437

0.240944
8.086877

0.241149
8.037176

0.242077
7.937811

0.245249
7.789533

0.249654
7.695286

0.258898
7.561512

0.262225
7.520708

0.266682
7.467896

0.270031
7.429196

0.273451
7.385734

0.274764
7.367011

0.276716
7.333496

0.278535
7.284815

0.278896
7.244048

0.277410
7.124556

0.275656
7.075538

0.270604
6.980394

0.263636
6.892678

0.250069
6.774157

0.238677
6.709778

0.219299
6.633917

0.212190
6.613458

0.198165
6.576166

0.176655
6.523446

0.162396
6.484840

0.155354
6.463436

0.141818
6.415055

0.122864
6.326509

0.112741
6.259018

0.100001
6.153858

0.095959
6.110511

0.089223
6.019328

0.084463
5.923134

0.081901
5.824484

0.081865
5.674224

0.085333
5.576074

0.094772
5.435508

0.099366
5.392350

0.110626
5.310860

0.131214
5.206511

0.147300
5.150833

0.173284
5.079527

0.182084
5.057536

0.199949
5.014486

0.226904
4.948187

0.235765
4.923971

0.253333
4.873099

0.270850
4.818414

0.296623
4.732129

0.313340
4.668874

0.321785
4.636478

0.347471
4.544754

0.365839
4.487949

0.395424
4.416786

0.416538
4.377692

0.427093
4.359538

0.459822
4.311280

0.482538
4.289207

0.505873
4.277003

0.529325
4.269911

0.552739
4.272105

0.587452
4.288789

0.610509
4.308347

0.621660
4.318851

0.655390
4.354412

0.677569
4.381144

0.699312
4.409950

0.731407
4.457418

0.741930
4.474216

0.762921
4.509766

0.783342
4.547004

0.813549
4.607293

0.833098
4.649796

0.861706
4.716714

0.871235
4.740301

0.889723
4.788171

0.916785
4.863404

0.934130
4.915361

0.951340
4.969983

0.968014
5.025506

0.992227
5.111232

1.000064
5.140448

1.015515
5.200463

1.038050
5.293199

1.052592
5.356347

1.059743
5.388278

1.073851
5.453632

1.094277
5.553624

1.107399
5.621776

1.126430
5.725847

1.132607
5.760879

1.144756
5.832026

1.162379
5.940607

1.173724
6.014513

1.190156
6.126643

1.195454
6.164285

1.205887
6.241981

1.229840
6.440804

1.234232
6.481316

1.242822
6.564059

1.255140
6.690699

1.262923
6.775687

1.270545
6.861743

1.281601
6.989527

1.285378
7.032536

1.293085
7.115906

1.314401
7.314097

1.323614
7.386193

1.338186
7.490931

1.343162
7.524013

1.358389
7.621397

1.368498
7.684761

1.373441
7.716712

1.388124
7.814872

1.397650
7.881295

1.407002
7.948534

1.420866
8.051121

1.425385
8.085551

1.434217
8.154592

1.442899
8.224256

1.455745
8.331144

1.464115
8.402533

1.476387
8.510420

1.480426
8.547084

1.488310
8.620309

1.499889
8.732146

1.507167
8.808743

1.510649
8.848656

1.520282
8.972308

1.525414
9.057136

1.527774
9.103130

1.533365
9.243744

1.535214
9.342701

1.535505
9.492939

1.534760
9.542156

1.532217
9.639387

1.528366
9.732304

1.520668
9.861911

1.514083
9.936652

1.502709
10.034683

1.498466
10.061249

1.489550
10.105890

1.480187
10.141707

1.466325
10.194190

1.457233
10.230171

1.443624
10.286229

1.439089
10.305388

1.430157
10.343873

1.416867
10.403088

1.408131
10.443388

1.399370
10.484762

1.395008
10.505104

1.386277
10.543155

1.372621
10.597532

1.363669
10.627214

1.350198
10.666306

1.345597
10.677868

1.336472
10.700359

1.322796
10.733746

1.309255
10.768445

1.304766
10.780827

1.295842
10.806499

1.286923
10.834499

1.278088
10.864201

1.265037
10.911838

1.256449
10.945920

1.247962
10.981510

1.239493
11.019459

1.226975
11.079640

1.222932
11.100337

1.210858
11.166677

1.206953
11.190037

1.199188
11.239133

1.187767
11.317257

1.180398
11.372388

1.173231
11.429707

1.162740
11.519766

1.159344
11.551074

1.152729
11.614917

1.143064
11.714856

1.136912
11.783845

1.130959
11.854795

1.125154
11.927323

1.119594
12.001919

1.114221
12.078646

1.106837
12.197806

1.103989
12.254672

1.103416
12.267671

1.102433
12.291466

1.101241
12.327155

1.100032
12.383663

1.099875
12.403460

1.099901
12.443250

1.100600
12.498277

1.101287
12.521468

1.102186
12.541299

1.102947
12.552610

1.103258
12.555719

1.103516
12.557597

1.103661
12.558420

1.103661
12.558420

1.103661
12.558420

1.104049
12.558115

1.109162
12.545755

1.115805
12.512846

1.123069
12.468086

1.133614
12.391908

1.140242
12.334314

1.143468
12.303196

1.152843
12.205527

1.158899
12.137491

1.164974
12.069394

1.171095
12.003028

1.177418
11.937126

1.183874
11.872097

1.193696
11.776929

1.200372
11.715216

1.207144
11.654486

1.210589
11.624225

1.221050
11.534802

1.228158
11.476046

1.235279
11.419374

1.246245
11.335378

1.253656
11.281012

1.257379
11.254263

1.268813
11.174511

1.276539
11.123363

1.284308
11.073766

1.296197
11.001353

1.300246
10.977645

1.308393
10.931479

1.320827
10.865048

1.329145
10.823864

1.337717
10.783790

1.346301
10.745744

1.354996
10.709681

1.363833
10.674847

1.376921
10.620621

1.385404
10.577565

1.389548
10.553904

1.401609
10.475986

1.409261
10.416198

1.420304
10.317435

1.423714
10.282052

1.433344
10.168753

1.436311
10.129033

1.444655
10.004813

1.449475
9.916594

1.453694
9.825658

1.457516
9.731976

1.461267
9.636276

1.465152
9.544295

1.471453
9.403786

1.475645
9.311573

1.477673
9.266714

1.484094
9.129495

1.488375
9.037414

1.492204
8.943796

1.496520
8.799235

1.497288
8.749247

1.497725
8.598701

1.497365
8.548616

1.495796
8.399211

1.494343
8.300612

1.492673
8.200676

1.489989
8.051916

1.489034
8.003041

1.485927
7.854402

1.483677
7.755432

1.480030
7.608017

1.476033
7.460083

1.473199
7.363543

1.469977
7.265311

1.463856
7.121976

1.457876
7.030811

1.454325
6.987835

1.445926
6.906352

1.430890
6.798312

1.418895
6.739427

1.405800
6.691761

1.384659
6.640410

1.377289
6.630306

1.362148
6.614329

1.339718
6.598153

1.324431
6.594066

1.301743
6.601396

1.294198
6.606945

1.279296
6.621200

1.256895
6.647797

1.242177
6.666723

1.234777
6.675763

1.220056
6.690337

1.197786
6.700207

1.182835
6.690490

1.161108
6.656413

1.154100
6.637934

1.140665
6.592632

1.128014
6.536030

1.110767
6.436118

1.100020
6.362505

1.083567
6.254064

1.077857
6.219518

1.066057
6.150173

1.048147
6.046907

1.036846
5.974741

1.031462
5.936546

1.021641
5.855222

1.008786
5.724439

1.000222
5.637358

0.985760
5.510679

0.980121
5.471335

0.967788
5.395197

0.954569
5.323898

0.940753
5.255932

0.919492
5.155330

0.905118
5.088334

0.890497
5.021070

0.868042
4.920490

0.860450
4.886753

0.845116
4.819614

0.821660
4.719501

0.805851
4.653469

0.781209
4.555230

0.772557
4.522490

0.754947
4.461541

0.726130
4.383870

0.706592
4.345980

0.692600
4.331029

0.681723
4.326456

0.672046
4.327303

0.663343
4.334966

0.654739
4.348687

0.631803
4.407210

0.622901
4.440291

0.607466
4.513477

0.595214
4.594305

0.586205
4.680289

0.583446
4.734178

0.580620
4.875615

0.580068
4.926080

0.578692
5.025674

0.576345
5.125368

0.570258
5.271905

0.563258
5.363974

0.554236
5.451543

0.544178
5.536031

0.533240
5.617166

0.522568
5.696084

0.506873
5.814391

0.496475
5.894371

0.491280
5.933806

0.475676
6.051602

0.465147
6.128963

0.454656
6.204812

0.438772
6.317250

0.427999
6.390468

0.422683
6.427387

0.407860
6.538204

0.401550
6.594196

0.397138
6.635236

0.392800
6.679613

0.389131
6.729347

0.386658
6.778001

0.385165
6.833355

0.385297
6.871434

0.385843
6.901141

0.390632
7.035032

0.396107
7.128606

0.402114
7.221122

0.410809
7.356107

0.413615
7.401174

0.419044
7.491231

0.424172
7.579463

0.431585
7.714268

0.436243
7.803207

0.440675
7.895623

0.445463
8.021849

0.446928
8.101694

0.447084
8.126629

0.447105
8.135134

0.447159
8.150778

0.447422
8.188891

0.447906
8.228239

0.448891
8.264923

0.451189
8.318537

0.453538
8.352013

0.454847
8.367039

0.460961
8.422976

0.468595
8.475999

0.482286
8.571916

0.491026
8.635344

0.495437
8.667764

0.504317
8.730846

0.513581
8.790018

0.528243
8.866392

0.538827
8.901783

0.549682
8.932501

0.560118
8.964673

0.570381
9.004459

0.579978
9.052741

0.593120
9.141606

0.596991
9.177114

0.604027
9.253935

0.613452
9.376723

0.619137
9.459795

0.627681
9.582460

0.630581
9.623271

0.636390
9.704303

0.644442
9.815601

0.646642
9.844443

0.646924
9.847947

0.647149
9.850766

0.647179
9.851147

0.647210
9.851529

0.647240
9.851910

0.647240
9.851910

0.647314
9.852831

0.647547
9.855571

0.647547
9.855571

0.648012
9.860540

0.649068
9.871634

0.652256
9.902998

0.652847
9.908561

0.652882
9.908897

0.652882
9.908897

0.652918
9.909235

0.654069
9.920216

0.657294
9.950162

0.660926
9.980782

0.666530
10.027469

0.671011
10.063788

0.675946
10.103240

0.680893
10.142922

0.685966
10.182711

0.693915
10.239889

0.696725
10.256544

0.702821
10.285974

0.714821
10.324836

0.724495
10.337285

0.729398
10.338641

0.743941
10.326634

0.753348
10.300287

0.766836
10.241074

0.771199
10.215599

0.783901
10.139213

0.788125
10.113924

0.800986
10.038082

0.809702
9.988645

0.822936
9.915897

0.827437
9.891934

0.836558
9.844953

0.850156
9.778390

0.854838
9.757296

0.864276
9.720352

0.879225
9.679344

0.889478
9.670798

0.899792
9.677109

0.910059
9.694437

0.920033
9.717591

0.930079
9.741535

0.940127
9.762540

0.950293
9.777215

0.965099
9.782918

0.973540
9.770982

0.985593
9.736729

0.990159
9.717487

0.999642
9.673417

1.008777
9.624837

1.022000
9.544328

1.030139
9.481148

1.038032
9.413803

1.045890
9.345498

1.053941
9.278583

1.062393
9.216178

1.070508
9.166670

1.073883
9.149343

1.074616
9.145602

1.074681
9.145269

1.075143
9.142938

1.078601
9.124699

1.085617
9.083705

1.098729
8.992021

1.102666
8.956151

1.109639
8.878912

1.117845
8.756353

1.121540
8.666319

1.123797
8.573166

1.124769
8.426983

1.124135
8.376430

1.121603
8.278528

1.115335
8.136079

1.110345
8.044608

1.107885
7.998274

1.101140
7.857948

1.098128
7.761867

1.096658
7.662033

1.097413
7.515590

1.099730
7.423628

1.101266
7.377322

1.105070
7.290759

1.108521
7.225652

1.108699
7.222457

1.109669
7.203723

1.113537
7.109991

1.114544
7.068393

1.115450
6.972713

1.113576
6.822099

1.109432
6.726531

1.099703
6.588735

1.095899
6.543975

1.088739
6.457202

1.081940
6.367490

1.073400
6.227613

1.069513
6.129750

1.067577
6.079590

1.061336
5.934808

1.055818
5.840100

1.044951
5.707050

1.040262
5.663743

1.030773
5.580321

1.021239
5.494657

1.008077
5.363448

0.996874
5.223902

0.989389
5.134969

0.985354
5.093149

0.975734
5.008728

0.958766
4.896372

0.944886
4.836442

0.937579
4.811684

0.915091
4.752957

0.896198
4.716091

0.876574
4.678903

0.846418
4.623925

0.836258
4.607547

0.815493
4.580371

0.793811
4.562996

0.761239
4.560470

0.743452
4.577036

0.737690
4.585514

0.736289
4.587704

0.735787
4.588467

0.734184
4.590935

0.726014
4.604720

0.711631
4.634949

0.709666
4.640431

0.709666
4.640431

0.708848
4.642789

0.706643
4.649276

0.698244
4.676237

0.692688
4.696949

0.689280
4.715433

0.686588
4.733436

0.680289
4.786980

0.671215
4.876261

0.661743
4.956358

0.644407
5.078354

0.630664
5.149227

0.607621
5.241605

0.599562
5.268785

0.583873
5.323702

0.560741
5.409161

0.545692
5.466479

0.538157
5.495770

0.523379
5.554588

0.501676
5.643371

0.487534
5.703069

0.467464
5.798728

0.461326
5.834071

0.450269
5.909780

0.436186
6.035152

0.428283
6.122974

0.424466
6.167596

0.413619
6.300722

0.406936
6.391276

0.403784
6.437493

0.395143
6.577282

0.390141
6.672152

0.385993
6.767981

0.381969
6.915682

0.382177
7.065788

0.385208
7.214798

0.390664
7.360919

0.393179
7.407786

0.399074
7.496544

0.410126
7.620434

0.418484
7.697139

0.427880
7.767372

0.437428
7.834187

0.442265
7.867686

0.456269
7.969261

0.464776
8.042315

0.472309
8.121579

0.482117
8.248756

0.488153
8.335799

0.494219
8.420808

0.504155
8.546245

0.507726
8.585988

0.514728
8.666471

0.524623
8.788291

0.527759
8.829163

0.533965
8.913274

0.539910
8.998375

0.548413
9.127524

0.553771
9.215300

0.561401
9.346020

0.563963
9.390004

0.569331
9.477477

0.578196
9.601209

0.585050
9.676887

0.588494
9.714307

0.599044
9.823450

0.606725
9.888532

0.615036
9.944483

0.628514
10.010446

0.638151
10.037152

0.643152
10.045959

0.653080
10.053471

0.668071
10.044445

0.677899
10.023522

0.692525
9.985893

0.697262
9.974554

0.707042
9.953184

0.721918
9.924940

0.731887
9.909252

0.746936
9.889922

0.752015
9.884828

0.762172
9.876425

0.777244
9.865212

0.782288
9.859143

0.792176
9.841815

0.806916
9.799444

0.816259
9.759398

0.825412
9.712388

0.834461
9.663180

0.843471
9.613796

0.852605
9.565738

0.861871
9.518973

0.875949
9.450894

0.885454
9.406838

0.890329
9.385293

0.910244
9.314008

0.915454
9.302382

0.926110
9.289358

0.942213
9.294580

0.947539
9.305104

0.957668
9.336662

0.971796
9.406308

0.979889
9.469599

0.989996
9.579469

0.991742
9.606885

0.992542
9.622197

0.992584
9.623298

0.992584
9.623298

0.992584
9.623298

0.992618
9.624210

0.993057
9.635901

0.993834
9.656678

0.997653
9.756693

0.999408
9.803185

1.002874
9.897559

1.005696
9.975263

1.005877
9.979740

1.005999
9.982804

1.006017
9.983255

1.006100
9.985259

1.006194
9.987216

1.006217
9.987641

1.006251
9.987992

1.006325
9.988619

1.006365
9.988892

1.006453
9.989292

1.006453
9.989292

1.006550
9.989400

1.006550
9.989400

1.006550
9.989400

1.006597
9.989285

1.006597
9.989285

1.009862
9.967283

1.015086
9.917357

1.021338
9.840107

1.029172
9.709889

1.031064
9.663032

1.035041
9.520174

1.036096
9.419701

1.036374
9.369814

1.036853
9.219513

1.037238
9.121608

1.037569
9.064934

1.038131
8.990350

1.038974
8.934719

1.039609
8.907140

1.042093
8.835205

1.045716
8.777214

1.052328
8.700247

1.064614
8.592143

1.069238
8.561299

1.084193
8.483581

1.095386
8.450378

1.113039
8.423932

1.119030
8.418812

1.130756
8.407615

1.148631
8.387108

1.154481
8.380924

1.166313
8.371921

1.178338
8.367562

1.196266
8.366612

1.208244
8.364725

1.226167
8.353818

1.232020
8.344934

1.243548
8.318095

1.254707
8.278779

1.270389
8.201519

1.279501
8.135716

1.283705
8.098985

1.294898
7.978518

1.300427
7.888063

1.306220
7.744840

1.307691
7.645137

1.307763
7.594831

1.306736
7.494571

1.304283
7.344782

1.303445
7.245232

1.303448
7.195333

1.305457
7.046239

1.309520
6.950480

1.318935
6.815087

1.327914
6.735624

1.338722
6.665633

1.344675
6.635242

1.363921
6.553212

1.377123
6.502976

1.390481
6.453797

1.411031
6.381734

1.417884
6.358454

1.431698
6.309756

1.451983
6.229219

1.464777
6.168252

1.471143
6.135757

1.490001
6.036157

1.502593
5.970836

1.521858
5.875520

1.534775
5.809171

1.547018
5.739253

1.552837
5.701943

1.569148
5.582302

1.579258
5.498400

1.594690
5.374793

1.600101
5.333501

1.611130
5.252403

1.622595
5.171713

1.640580
5.052699

1.653136
4.975042

1.672877
4.860715

1.679787
4.822916

1.693856
4.749568

1.716165
4.640671

1.731470
4.569711

1.739085
4.533723

1.753947
4.459356

1.775243
4.341632

1.789229
4.261139

1.811212
4.142326

1.818834
4.103522

1.842814
3.988833

1.851196
3.951043

1.877091
3.840463

1.895303
3.767954

1.924032
3.661811

1.933975
3.627634

1.954543
3.560124

1.975953
3.494412

2.009629
3.398653

2.044774
3.304186

2.056384
3.272888

2.080061
3.209084

2.103608
3.142685

2.127066
3.075152

2.162977
2.970353

2.175057
2.934418

2.212507
2.830163

2.238919
2.763720

2.266904
2.698847

2.296357
2.636151

2.326948
2.576733

2.359201
2.519970

2.410592
2.440763

2.447056
2.391984

2.465704
2.369199

2.524096
2.305898

2.564837
2.269085

2.606894
2.237016

2.672058
2.196999

2.694279
2.185572

2.762107
2.157451

2.808285
2.143687

2.855072
2.133062

2.901900
2.125480

2.948826
2.119300

2.995981
2.108828

3.043120
2.095447

3.114445
2.071914

-3.121341
2.051499

-3.097442
2.040168

-3.049538
2.015517

-2.977143
1.975164

-2.928682
1.943778

-2.879739
1.909755

-2.805820
1.856254

-2.756649
1.816788

-2.731487
1.795944

-2.654795
1.731737

-2.603094
1.684909

-2.522804
1.612727

-2.495462
1.588539

-2.411204
1.524143

-2.375976
1.503028

-2.374173
1.501859

-2.371157
1.500026

-2.370208
1.499455

-2.362250
1.494770

-2.330379
1.477493

-2.273014
1.453508

-2.204131
1.434151

-2.098917
1.422439

-2.028456
1.426794

-1.993739
1.432494

-1.892309
1.462878

-1.796989
1.513512

-1.767243
1.534941

-1.711185
1.583543

-1.635429
1.669339

-1.590657
1.735096

-1.570070
1.769906

-1.532271
1.843288

-1.482424
1.959866

-1.452879
2.040399

-1.412711
2.165243

-1.400547
2.207466

-1.377541
2.293874

-1.336238
2.467662

-1.326235
2.511422

-1.306900
2.598255

-1.279426
2.729430

-1.270756
2.773949

-1.254460
2.862967

-1.239260
2.953087

-1.218378
3.088699

-1.205448
3.180526

-1.199395
3.226480

-1.183610
3.367943

-1.176205
3.464485

-1.171040
3.563310

-1.166634
3.711754

-1.165018
3.801727

-1.164244
3.840477

-1.163489
3.872672

-1.163476
3.873154

-1.163476
3.873154

-1.163476
3.873154

-1.163476
3.873154

-1.163476
3.873154

-1.163476
3.873154

-1.163062
3.884765

-1.162189
3.904025

-1.159884
3.939287

-1.158727
3.950687

-1.155827
3.972680

-1.153255
3.986933

-1.144200
4.020246

-1.136433
4.044087

-1.105551
4.121559

-1.083038
4.159069

-1.063906
4.181138

-1.063906
4.181138

-1.062822
4.181770

-1.059182
4.183764

-1.050324
4.187583

-1.047011
4.188391

-1.040434
4.188088

-1.039127
4.187262

-1.035231
4.184132

-1.031021
4.180407

-1.016771
4.167724

-0.994978
4.147916

-0.959605
4.118937

-0.935971
4.102415

-0.911927
4.088151

-0.887701
4.076406

-0.851250
4.064569

-0.838974
4.064003

-0.814353
4.070263

-0.775341
4.103109

-0.772219
4.109128

-0.772219
4.109128

-0.772219
4.109128

-0.772219
4.109128

-0.772219
4.109128

-0.772219
4.109128

-0.772117
4.109375

-0.772016
4.109621

-0.772016
4.109621

-0.771914
4.109867

-0.771914
4.109867

-0.771914
4.109867

-0.771710
4.110358

-0.771608
4.110604

-0.771507
4.110849

-0.771405
4.111094

-0.771303
4.111338

-0.771201
4.111583

-0.771201
4.111583

-0.771099
4.111826

-0.771099
4.111826

-0.770997
4.112070

-0.770997
4.112070

-0.770895
4.112313

-0.770895
4.112313

-0.770750
4.112655

-0.770750
4.112655

-0.770750
4.112655

-0.770461
4.113336

-0.768675
4.117289

-0.767338
4.119656

-0.766440
4.120932

-0.763751
4.123418

-0.761973
4.123596

-0.759630
4.122426

-0.758035
4.120264

-0.757252
4.118826

-0.755825
4.115442

-0.754203
4.110192

-0.753390
4.106261

-0.752402
4.099858

-0.752148
4.097465

-0.751463
4.088304

-0.751377
4.085716

-0.751347
4.083579

-0.751347
4.083579

-0.751347
4.083579

-0.751347
4.083579

-0.751347
4.083579

-0.751314
4.076704

-0.751316
4.036829

-0.752925
3.908709

-0.755950
3.807415

-0.760117
3.710190

-0.762675
3.658172

-0.762899
3.654380

-0.763168
3.649631

-0.763222
3.648681

-0.763222
3.648681

-0.763410
3.645356

-0.765057
3.616375

-0.771988
3.500121

-0.778341
3.401632

-0.785385
3.302976

-0.799099
3.159768

-0.805432
3.113329

-0.829993
2.983282

-0.852471
2.911174

-0.861572
2.888421

-0.869139
2.872684

-0.871160
2.869678

-0.871648
2.868973

-0.871799
2.868752

-0.871799
2.868752

-0.871799
2.868752

-0.871799
2.868752

-0.871950
2.868531

-0.874829
2.864264

-0.888232
2.844155

-0.929798
2.778708

-0.945157
2.751229

-0.974571
2.691116

-1.016086
2.587344

-1.039814
2.507388

-1.070576
2.376999

-1.078590
2.330247

-1.090016
2.258242

-1.092880
2.241835

-1.113271
2.143075

-1.138871
2.058194

-1.154076
2.018585

-1.207821
1.910064

-1.270948
1.815546

-1.293268
1.785574

-1.339171
1.726075

-1.412220
1.638523

-1.463542
1.580777

-1.516834
1.524537

-1.544432
1.496979

-1.632290
1.417035

-1.694103
1.365763

-1.759714
1.316303

-1.865944
1.249868

-1.941587
1.214959

-1.981515
1.201543

-2.106721
1.182718

-2.190256
1.195150

-2.270957
1.223469

-2.381471
1.281594

-2.416048
1.304290

-2.481568
1.354238

-2.570811
1.438760

-2.624623
1.501177

-2.673953
1.566985

-2.740331
1.671444

-2.760674
1.707940

-2.798786
1.782846

-2.833842
1.860036

-2.881536
1.980319

-2.910214
2.061899

-2.923778
2.103080

-2.961078
2.229097

-2.981183
2.318442

-2.996244
2.411499

-3.009235
2.557976

-3.009751
2.658938

-3.008121
2.708836

-3.003338
2.808338

-2.996156
2.948224

-2.992494
3.040950

-2.990153
3.141173

-2.988692
3.292089

-2.988308
3.341810

-2.986682
3.441468

-2.981130
3.590233

-2.973352
3.686690

-2.962624
3.779744

-2.941191
3.962468

-2.932411
4.055614

-2.925853
4.151990

-2.920942
4.300569

-2.922266
4.401178

-2.923696
4.451228

-2.928858
4.599021

-2.933456
4.697237

-2.941402
4.842610

-2.947520
4.937568

-2.954225
5.031938

-2.961433
5.124978

-2.973069
5.262755

-2.977425
5.307132

-2.987167
5.393374

-3.003513
5.513473

-3.016033
5.585781

-3.029415
5.651256

-3.036465
5.681715

-3.058447
5.765058

-3.073692
5.812612

-3.096735
5.879059

-3.104503
5.899823

-3.120043
5.939304

-3.135613
5.976242

3.124086
6.028374

3.108347
6.059401

3.100452
6.074148

3.076742
6.116360

3.061030
6.141482

3.037315
6.176902

3.029572
6.187417

3.013529
6.207628

2.997774
6.225558

2.973635
6.249535

2.957631
6.257897

2.941940
6.256684

2.918105
6.235628

2.910337
6.222769

2.895160
6.190964

2.873096
6.127591

2.859503
6.072521

2.852992
6.041493

2.834613
5.939069

2.823099
5.863945

2.805799
5.753873

2.793881
5.679457

2.787897
5.642433

2.775807
5.568566

2.757146
5.459370

2.744328
5.387300

2.731198
5.316753

2.710198
5.215000

2.702588
5.184230

2.686156
5.129012

2.659670
5.061869

2.641342
5.024015

2.622707
4.990330

2.603454
4.959660

2.583995
4.933909

2.564068
4.911868

2.533916
4.886176

2.513539
4.874334

2.493102
4.866153

2.472486
4.860522

2.451821
4.856341

2.431299
4.852795

2.410905
4.843757

2.390365
4.827179

2.370364
4.799915

2.341593
4.741110

2.323669
4.686416

2.315303
4.655568

2.292109
4.552109

2.279074
4.470277

2.263188
4.337868

2.256237
4.241909

2.253863
4.192918

2.250702
4.043127

2.253471
3.943740

2.259911
3.846855

2.275576
3.708808

2.282311
3.664534

2.296569
3.578248

2.311656
3.494598

2.336344
3.370240

2.353856
3.290284

2.362890
3.249804

2.389732
3.125476

2.405375
3.038071

2.424735
2.899270

2.432954
2.802484

2.435724
2.752966

2.438254
2.653398

2.434711
2.503444

2.425191
2.405932

2.401335
2.266285

2.390056
2.223697

2.362326
2.142980

2.310434
2.039983

2.267698
1.988098

2.220599
1.951157

2.144531
1.922883

2.119355
1.922634

2.067208
1.930647

1.991663
1.957649

1.941841
1.980759

1.917494
1.992363

1.868422
2.014016

1.795890
2.041222

1.748020
2.057987

1.700374
2.076953

1.630330
2.109465

1.607256
2.121149

1.561941
2.146551

1.495910
2.191394

1.453204
2.226414

1.412258
2.264578

1.372053
2.306314

1.315005
2.373856

1.296585
2.397888

1.243477
2.474338

1.209710
2.528804

1.146457
2.644432

1.116878
2.705839

1.088696
2.769165

1.048667
2.867849

1.035899
2.902280

1.011387
2.972896

0.977390
3.081973

0.956754
3.158030

0.937576
3.237232

0.919810
3.318600

0.903623
3.402524

0.888821
3.489022

0.869151
3.621710

0.857848
3.712604

0.847822
3.805410

0.839047
3.897461

0.834533
3.954887

0.834246
3.959074

0.834182
3.960010

0.834182
3.960010

0.834118
3.960947

0.832029
3.991757

0.831791
3.995327

0.831791
3.995327

0.831308
4.002668

0.828924
4.042877

0.825392
4.119140

0.820605
4.267572

0.818996
4.368031

0.817895
4.468390

0.816340
4.619051

0.815276
4.719044

0.814747
4.768747

0.813061
4.918742

0.811924
5.018923

0.810750
5.119674

0.809567
5.220062

0.808366
5.319497

0.806541
5.469984

0.805910
5.519977

0.804646
5.619610

0.803370
5.719353

0.801448
5.868372

0.800129
5.968799

0.799454
6.018534

0.797467
6.167872

0.796075
6.268497

0.794036
6.418175

0.793345
6.468148

0.792033
6.567846

0.790770
6.717587

0.790611
6.817649

0.791015
6.918391

0.791993
7.018104

0.794144
7.116881

0.797236
7.214386

0.803277
7.358044

0.808474
7.450357

0.811360
7.495505

0.821236
7.626078

0.829322
7.703791

0.838510
7.775079

0.853508
7.868018

0.864635
7.915487

0.870459
7.935030

0.882516
7.965229

0.901155
7.987057

0.913669
7.989215

0.926067
7.975266

0.938162
7.948807

0.955879
7.891593

0.961540
7.868317

0.972598
7.819285

0.988931
7.739511

0.999601
7.682729

1.010418
7.625212

1.026709
7.540974

1.037936
7.485261

1.043518
7.457761

1.054562
7.400616

1.070404
7.307325

1.079575
7.235260

1.087549
7.155165

1.094721
7.067607

1.101153
6.977795

1.107552
6.889803

1.114476
6.802193

1.126447
6.675919

1.135882
6.596805

1.140199
6.561362

1.151304
6.464869

1.159389
6.380727

1.171003
6.249436

1.179663
6.166482

1.184532
6.125757

1.195377
6.050122

1.212451
5.962816

1.216133
5.948070

1.219256
5.935036

1.220063
5.931686

1.220255
5.930918

1.220255
5.930918

1.220351
5.930537

1.220419
5.930269

1.220487
5.930002

1.220584
5.929625

1.220749
5.928981

1.220886
5.928450

1.220954
5.928186

1.220954
5.928186

1.221023
5.927922

1.221092
5.927659

1.222654
5.921708

1.229740
5.896138

1.239315
5.865216

1.239389
5.864992

1.239566
5.864455

1.239566
5.864455

1.239566
5.864455

1.240865
5.860503

1.247076
5.841778

1.259080
5.806430

1.274300
5.763591

1.277101
5.755874

1.278018
5.753364

1.279153
5.750279

1.279751
5.748695

1.279860
5.748410

1.279860
5.748410

1.280953
5.745558

1.283308
5.739594

1.292986
5.717838

1.317408
5.678076

1.334814
5.668852

1.346492
5.671677

1.349801
5.672594

1.349801
5.672594

1.350194
5.672709

1.360748
5.677758

1.360831
5.677880

1.360912
5.678021

1.360912
5.678021

1.360912
5.678021

1.360912
5.678021

1.360912
5.678021

1.361076
5.678303

1.361647
5.679298

1.367026
5.688921

1.377918
5.712569

1.393052
5.754575

1.414763
5.838481

1.425985
5.906453

1.428161
5.922829

1.432851
5.961397

1.440090
6.022174

1.450045
6.101086

1.465213
6.217625

1.470323
6.256142

1.480632
6.334208

1.491648
6.419050

1.492256
6.423424

1.492677
6.426559

1.493534
6.433061

1.498097
6.468091

1.511590
6.569869

1.516831
6.607925

1.527094
6.681157

1.542376
6.787982

1.548659
6.830083

1.548994
6.832122

1.549739
6.836846

1.550154
6.839489

1.555910
6.877701

1.559812
6.908181

1.560270
6.912137

1.560331
6.912675

1.560331
6.912675

1.563247
6.938965

1.568969
6.996957

1.571659
7.028135

1.571849
7.030379

1.571849
7.030379

1.571849
7.030379

1.571849
7.030379

1.571849
7.030379

1.572590
7.039181

1.573881
7.055751

1.574007
7.057725

1.574065
7.058824

1.574082
7.059293

1.574080
7.059778

1.573974
7.065002

1.573837
7.069031

1.573361
7.078237

1.572825
7.084474

1.572167
7.090133

1.570995
7.097636

1.570049
7.101635

1.569516
7.103385

1.568508
7.105838

1.566934
7.107826

1.565927
7.107726

1.564201
7.105616

1.560654
7.095839

1.557174
7.084225

1.546921
7.043767

1.529060
6.958245

1.518354
6.890451

1.503708
6.778239

1.499378
6.737035

1.491200
6.651941

1.479622
6.522221

1.472049
6.440797

1.468710
6.407599

1.462435
6.352220

1.445248
6.245565

1.438555
6.217555

1.424158
6.171408

1.400775
6.125537

1.384423
6.116500

1.376235
6.117854

1.352202
6.141415

1.337020
6.178282

1.316294
6.256345

1.310659
6.287137

1.305236
6.322266

1.305185
6.322625

1.305185
6.322625

1.305185
6.322625

1.305185
6.322625

1.305185
6.322625

1.304167
6.329692

1.302999
6.337623

1.302243
6.342651

1.301836
6.345350

1.298637
6.366134

1.295352
6.386628

1.289929
6.418669

1.289929
6.418669

1.289929
6.418669

1.289929
6.418669

1.289873
6.418995

1.289873
6.418995

1.289873
6.418995

1.289388
6.421789

1.286267
6.439530

1.273672
6.512219

1.268566
6.541130

1.264429
6.565110

1.264230
6.566303

1.263977
6.567801

1.263977
6.567801

1.263977
6.567801

1.263977
6.567801

1.261563
6.582159

1.258715
6.599116

1.249876
6.652487

1.233226
6.755672

1.222334
6.824488

1.211718
6.892769

1.201196
6.961946

1.190772
7.031875

1.180555
7.101256

1.165383
7.205903

1.155398
7.275698

1.150513
7.310874

1.136652
7.420951

1.128723
7.501601

1.119284
7.633802

1.117187
7.681313

1.114360
7.779006

1.113358
7.878907

1.114710
8.028923

1.117631
8.127357

1.123178
8.270426

1.127968
8.362703

1.130692
8.406691

1.140217
8.534871

1.147151
8.615453

1.150644
8.655421

1.160918
8.777324

1.166960
8.862445

1.171991
8.951376

1.177257
9.089452

1.178422
9.137197

1.180475
9.234275

1.182441
9.332108

1.184708
9.429678

1.189153
9.573219

1.193334
9.660966

1.198280
9.745716

1.204517
9.823022

1.215345
9.925146

1.223775
9.979838

1.228221
10.002864

1.237527
10.040298

1.251972
10.076060

1.261957
10.081820

1.271884
10.074583

1.286478
10.043138

1.295845
10.006204

1.300371
9.986214

1.309537
9.944161

1.315645
9.915890

1.316337
9.912742

1.316497
9.912008

1.317352
9.908244

1.320244
9.898460

1.327136
9.883989

1.331641
9.879203

1.341222
9.879419

1.351811
9.895582

1.354024
9.902142

1.354590
9.903908

1.356451
9.909955

1.358712
9.917877

1.370131
9.966365

1.378851
10.019321

1.382589
10.047821

1.385830
10.076578

1.386289
10.080694

1.389015
10.106129

1.394978
10.167217

1.395688
10.177696

1.396837
10.197615

1.399822
10.266586

1.403529
10.406433

1.404140
10.509962

1.402929
10.661323

1.400311
10.758101

1.396844
10.850846

1.392016
10.936082

1.386238
11.013406

1.382978
11.049246

1.372570
11.141702

1.364822
11.193594

1.357170
11.244558

1.346236
11.326960

1.339471
11.392671

1.336451
11.428011

1.331036
11.507385

1.328073
11.562426

1.327874
11.567241

1.327786
11.569439

1.327786
11.569439

1.327786
11.569439

1.327786
11.569439

1.327786
11.569439

1.327768
11.569877

1.327750
11.570316

1.327750
11.570316

1.327660
11.572508

1.327444
11.577791

1.325006
11.637346

1.321665
11.716922

1.319649
11.761774

1.315075
11.852146

1.314840
11.856400

1.314840
11.856400

1.314840
11.856400

1.314840
11.856400

1.314840
11.856400

1.314790
11.856751

1.314739
11.857061

1.314643
11.857327

1.312952
11.858767

1.304702
11.851708

1.296626
11.826364

1.292610
11.808598

1.281279
11.737744

1.277741
11.708092

1.268212
11.608644

1.262988
11.529477

1.259449
11.458749

1.259403
11.457804

1.259044
11.450261

1.258986
11.449058

1.258573
11.440304

1.256783
11.400580

1.252264
11.286412

1.251023
11.250411

1.249538
11.199783

1.249520
11.198834

1.249262
11.170456

1.249806
11.061148

1.252027
10.962766

1.253542
10.914880

1.259157
10.776717

1.263505
10.687854

1.270491
10.556304

1.275367
10.470438

1.280425
10.385013

1.285576
10.302123

1.290823
10.220548

1.296319
10.136215

1.301460
10.050603

1.306484
9.964508

1.312884
9.841551

1.314418
9.799049

1.314607
9.791450

1.314660
9.786852

1.314357
9.748542

1.312650
9.672862

1.307138
9.531743

1.304766
9.485891

1.299958
9.397399

1.294793
9.308878

1.286631
9.179603

1.280728
9.094454

1.271275
8.971458

1.267729
8.932769

1.260074
8.859231

1.251613
8.791730

1.242459
8.732901

1.227470
8.658300

1.216620
8.621542

1.211068
8.606806

1.193966
8.572689

1.182323
8.561382

1.170590
8.558693

1.161447
8.562101

1.161152
8.562352

1.161152
8.562352

1.161152
8.562352

1.161152
8.562352

1.160753
8.562691

1.159591
8.563658

1.153621
8.569127

1.137868
8.587642

1.126673
8.605380

1.115454
8.629393

1.104445
8.660814

1.094078
8.706449

1.085004
8.763178

1.073959
8.854128

1.068267
8.912101

1.065088
8.945539

1.056019
9.051120

1.054366
9.073530

1.054022
9.078259

1.050771
9.124759

1.048698
9.157400

1.044531
9.230448

1.043159
9.256742

1.042997
9.259964

1.042997
9.259964

1.042974
9.260403

1.042952
9.260844

1.042930
9.261283

1.042930
9.261283

1.042930
9.261283

1.042930
9.261283

1.042908
9.261722

1.040679
9.304111

1.036469
9.373607

1.027412
9.496724

1.020198
9.570651

1.012950
9.643731

1.009436
9.680194

0.999389
9.794447

0.995265
9.853626

0.994187
9.874738

0.992262
9.935727

0.991173
10.024622

0.991316
10.127004

0.992273
10.227601

0.993369
10.327448

0.994129
10.426764

0.994194
10.576766

0.992761
10.675374

0.990066
10.772232

0.988302
10.818130

0.983941
10.906268

0.975768
11.027097

0.969144
11.095823

0.961942
11.156040

0.950381
11.231978

0.946391
11.253631

0.938288
11.295338

0.926242
11.358604

0.918562
11.403803

0.914837
11.426519

0.903531
11.498471

0.892719
11.573485

0.889108
11.602349

0.882289
11.663860

0.874054
11.756287

0.872643
11.776390

0.872607
11.776923

0.871061
11.800117

0.865844
11.889287

0.863974
11.929549

0.861778
11.988250

0.861357
12.003151

0.861133
12.011652

0.860298
12.046999

0.858960
12.120554

0.858612
12.148013

0.858353
12.172285

0.858055
12.204558

0.857392
12.327459

0.857442
12.369345

0.857907
12.429189

0.859360
12.502790

0.861169
12.551288

0.864074
12.606843

0.864409
12.611541

0.864409
12.611541

0.864994
12.619387

0.869392
12.680442

0.874152
12.750284

0.876754
12.790184

0.880071
12.842509

0.880119
12.843254

0.880966
12.856086

0.882106
12.872778

0.885469
12.919602

0.893222
13.022592

0.899004
13.087346

0.904923
13.146324

0.911527
13.195895

0.918200
13.231961

0.921842
13.245725

0.922059
13.246207

0.922648
13.247388

0.926100
13.254916

0.936142
13.277724

0.943609
13.296234

0.951035
13.315667

0.962174
13.342557

0.965880
13.351923

0.973204
13.374076

0.979507
13.399699

0.981613
13.409330

0.981898
13.410532

0.983099
13.415549

0.985223
13.423737

0.985435
13.424299

0.985689
13.424771

0.985689
13.424771

0.986604
13.422627

0.987588
13.417611

0.989164
13.405782

0.989646
13.400637

0.990544
13.388862

0.991677
13.368758

0.992205
13.354059

0.992426
13.345828

0.992724
13.329466

0.992890
13.304855

0.992755
13.288232

0.992309
13.266399

0.989920
13.214893

0.985506
13.152385

0.976196
13.061193

0.965799
12.996447

0.958280
12.971317

0.947663
12.951092

0.945713
12.949665

0.945488
12.949728

0.945114
12.949948

0.945114
12.949948

0.944815
12.950148

0.943805
12.950746

0.942457
12.951353

0.938665
12.951503

0.938065
12.951332

0.937691
12.951297

0.937460
12.951403

0.937385
12.951449

0.937348
12.951477

0.937348
12.951477

0.937348
12.951477

0.937348
12.951477

0.937310
12.951506

0.937123
12.951652

0.937086
12.951688

0.937086
12.951688

0.937011
12.951766

0.937011
12.951766

0.936974
12.951805

0.936974
12.951805

0.936974
12.951805

0.936974
12.951805

0.936788
12.952004

0.936600
12.952122

0.936413
12.952226

0.936301
12.952242

0.935997
12.952121

0.935885
12.952050

0.935735
12.951934

0.935645
12.951824

0.935003
12.950909

0.934813
12.950574

0.934694
12.950234

0.932902
12.943745

0.928373
12.926465

0.921520
12.900429

0.914433
12.872334

0.903485
12.824807

0.896393
12.788930

0.892864
12.769537

0.885742
12.728473

0.875324
12.657225

0.869011
12.598926

0.863056
12.533745

0.858098
12.458652

0.856580
12.430051

0.856478
12.427980

0.856478
12.427980

0.856449
12.427395

0.856449
12.427395

0.856449
12.427395

0.856449
12.427395

0.856449
12.427395

0.856449
12.427395

0.856449
12.427395

0.856449
12.427395

0.856449
12.427395

0.856449
12.427395

0.856449
12.427395

0.856449
12.427395

0.856449
12.427395

0.856449
12.427395

0.856449
12.427395

0.856449
12.427395

0.856429
12.426983

0.856429
12.426983

0.856429
12.426983

0.856429
12.426983

0.856429
12.426983

0.856409
12.426570

0.856409
12.426570

0.856388
12.426157

0.856388
12.426157

0.856388
12.426157

0.856388
12.426157

0.856388
12.426157

0.856368
12.425745

0.856368
12.425745

0.856368
12.425745

0.856368
12.425745

0.856368
12.425745

0.855973
12.417759

0.855220
12.402044

0.850709
12.298734

0.847878
12.210759

0.847333
12.188693

0.846947
12.174084

0.846803
12.168473

0.845262
12.104280

0.844506
12.063535

0.843272
11.966638

0.842971
11.819934

0.843501
11.771254

0.845440
11.674870

0.850130
11.535224

0.854073
11.446562

0.859964
11.311608

0.861700
11.265425

0.864675
11.170221

0.867485
11.023597

0.867607
10.923665

0.867228
10.874833

0.864943
10.677999

0.864440
10.628798

0.863712
10.529989

0.862866
10.380869

0.862696
10.331142

0.862770
10.231003

0.863421
10.130960

0.864768
10.030416

0.867249
9.882361

0.868396
9.783101

0.868827
9.631699

0.868495
9.581276

0.867931
9.481172

0.867817
9.331951

0.869055
9.231516

0.870164
9.182675

0.873533
9.087765

0.880873
8.952062

0.889100
8.825465

0.891872
8.782073

0.897205
8.697322

0.905339
8.565692

0.910726
8.476211

0.915700
8.384430

0.917854
8.338808

0.923141
8.204145

0.925129
8.130842

0.925508
8.113223

0.925686
8.104923

0.925863
8.096569

0.926170
8.081355

0.927325
8.006673

0.927491
7.974512

0.927494
7.973542

0.927542
7.949251

0.927341
7.885702

0.925244
7.741105

0.921581
7.643575

0.919075
7.597169

0.909520
7.469005

0.901522
7.400749

0.893514
7.350004

0.889355
7.329153

0.888929
7.327584

0.888578
7.326334

0.888578
7.326334

0.888578
7.326334

0.888578
7.326334

0.888230
7.325114

0.885827
7.317116

0.883699
7.311633

0.882523
7.309265

0.881175
7.307419

0.878121
7.307795

0.870524
7.318259

0.852016
7.361909

0.845608
7.380974

0.826876
7.439631

0.814446
7.477279

0.808133
7.495892

0.783287
7.567347

0.777036
7.584445

0.764559
7.617795

0.745927
7.665979

0.739664
7.681466

0.727213
7.711717

0.708665
7.756787

0.696172
7.781340

0.689865
7.790768

0.670736
7.805849

0.657901
7.797820

0.639051
7.766102

0.633100
7.748518

0.621446
7.704049

0.605123
7.619121

0.595809
7.549130

0.587653
7.470211

0.580473
7.385324

0.575187
7.292052

0.571659
7.195891

0.569278
7.046370

0.569336
6.946299

0.569192
6.845297

0.568660
6.745456

0.566832
6.644326

0.564518
6.546308

0.561124
6.397582

0.559881
6.297929

0.559651
6.247374

0.559951
6.146974

0.561253
5.997052

0.561458
5.897675

0.560622
5.747068

0.560140
5.695987

0.559242
5.596236

0.558189
5.445996

0.557843
5.346589

0.557746
5.246560

0.557869
5.146347

0.558344
5.046602

0.559536
4.895508

0.561015
4.795663

0.561960
4.745627

0.565596
4.596106

0.568940
4.496100

0.572943
4.398134

0.575224
4.349073

0.583062
4.202699

0.589379
4.106537

0.596692
4.009828

0.608846
3.867461

0.617147
3.772777

0.625146
3.677169

0.632960
3.581362

0.640138
3.484252

0.646964
3.386542

0.657241
3.240438

0.660649
3.192000

0.667629
3.094282

0.678497
2.948035

0.686127
2.849417

0.698088
2.702978

0.702163
2.654686

0.710706
2.556653

0.724333
2.410089

0.733975
2.312453

0.739182
2.263524

0.756492
2.118159

0.769844
2.021502

0.784516
1.926118

0.809642
1.783431

0.819099
1.736100

0.851399
1.594921

0.876743
1.502687

0.905226
1.412177

0.921291
1.366425

0.975247
1.234488

1.017351
1.147827

1.086828
1.017211

1.132464
0.928786

1.155974
0.883285

1.203923
0.791079

1.282137
0.651335

1.335472
0.556206

1.391782
0.460975

1.495877
0.316756

1.571761
0.218793

1.656800
0.119654

1.704229
0.076024

1.806524
0.030280

1.815080
0.024431

1.816910
0.022862

1.817422
0.022377

1.817422
0.022377

1.817957
0.021892

1.818771
0.021207

1.818771
0.021207

1.819838
0.020237

1.821380
0.018865

1.821380
0.018865

1.822005
0.018180

1.822005
0.018180

1.822624
0.017494

1.822624
0.017494

1.823163
0.016808

1.823163
0.016808

1.823823
0.016122

1.824463
0.015437

1.825281
0.014467

1.825594
0.013981

1.825982
0.013497

1.826344
0.013012

1.826637
0.012527

1.827034
0.012042

1.827670
0.011072

1.827670
0.011072

1.827670
0.011072

1.828453
0.010101

1.828840
0.009616

1.829240
0.009132

1.829789
0.008446

1.829789
0.008446

1.829789
0.008446

1.830666
0.007476

1.831313
0.006790

1.831313
0.006790

1.831313
0.006790

1.831985
0.005820

1.831985
0.005820

1.831985
0.005820

1.831985
0.005820

1.831985
0.005820

1.832051
0.005335

1.832129
0.004850

1.832129
0.004850

1.832129
0.004850

1.832387
0.004366

1.832528
0.003880

1.832528
0.003880

1.832528
0.003880

1.832528
0.003880

1.832708
0.003395

1.833178
0.002425

1.833178
0.002425

1.833178
0.002425

1.833178
0.002425

1.833178
0.002425

1.833178
0.002425

1.833178
0.002425

1.833178
0.002425

1.833025
0.001940

1.833612
0.001455

1.834518
0.000971

1.835782
0.000485

1.835782
0.000485

1.835782
0.000485

1.835782
0.000485

1.835782
0.000485

0.000000
0.000000

