0.000000
0.000000

0.000000
0.000000

0.000000
0.000000

0.000000
0.000000

0.000000
0.000000

0.000000
0.000000

0.000000
0.000000

0.000000
0.000000

0.000000
0.000000

0.000000
0.000000

0.000000
0.000000

0.000000
0.000000

0.000000
0.000000

0.000000
0.000000

0.188000
-0.000011

0.407000
-0.000067

0.505500
-0.000174

0.501000
-0.000123

0.499000
-0.000146

0.509500
-0.000196

0.499500
-0.000118

0.504000
-0.000134

0.494500
-0.000162

0.498500
-0.000162

0.493000
-0.000213

0.494000
-0.000213

0.513500
-0.000017

0.508000
-0.000022

0.507000
0.000000

0.512500
0.000129

0.502000
0.000146

0.516500
0.000185

0.504000
0.000168

0.498000
0.000123

0.489500
0.000129

0.496500
0.000151

0.500000
0.000146

0.499500
0.000050

0.500500
0.000062

0.502000
0.000045

0.500500
0.000006

0.518500
-0.000028

0.488500
-0.000050

0.504500
-0.000050

0.499000
-0.000011

0.492500
0.000028

0.490500
-0.000017

0.508000
-0.000056

0.500500
-0.000129

0.505500
0.000151

0.500500
0.000095

0.496500
-0.000050

0.502000
-0.000045

0.492500
0.000028

0.502000
-0.000022

0.508000
-0.000011

0.493500
0.000118

0.506000
0.000112

0.510500
-0.000084

0.502500
-0.000017

0.504500
-0.000017

0.494000
-0.000011

0.483000
-0.000101

0.504500
-0.000017

0.503000
-0.000179

0.503500
-0.000062

0.489000
-0.000034

0.512500
-0.000028

0.502000
-0.000011

0.488500
0.000084

0.492000
0.000258

0.500500
-0.000196

0.506000
0.000034

0.500000
0.000000

0.501000
-0.000067

0.499500
-0.000118

0.494000
0.000146

0.488000
0.000022

0.498000
-0.000034

0.491500
0.000263

0.496500
0.000207

0.508000
-0.000045

0.495500
-0.000095

0.502000
0.000045

0.499000
-0.000045

0.499000
-0.000078

0.509000
-0.000067

0.496500
-0.000039

0.496500
-0.000084

0.497000
0.000011

0.505500
-0.000106

0.496000
-0.000078

0.506000
0.000034

0.489500
0.000062

0.490500
-0.000140

0.504500
0.000017

0.497000
-0.000011

0.503500
-0.000028

0.508000
0.000045

0.490500
0.000106

0.507500
0.000050

0.503000
-0.000078

0.482000
0.000011

0.511000
-0.000056

0.508000
-0.000045

0.498000
-0.000034

0.506000
0.000034

0.502500
-0.000017

0.494000
0.000078

0.495500
0.000006

0.332000
-0.000045

0.000000
0.000000

0.000000
0.000000

0.000000
0.000000

0.000000
0.000000

0.000000
0.000000

0.000000
0.000000

0.000000
0.000000

0.090500
-0.001014

0.114000
-0.001277

0.138500
-0.001551

0.197500
-0.001350

0.234500
-0.001406

0.231500
-0.001428

0.182500
-0.001417

0.092000
-0.001030

0.176000
-0.001310

0.190500
-0.001394

0.182500
-0.001316

0.043500
-0.001238

0.028500
-0.001372

0.024000
-0.001389

0.017000
-0.001243

0.019500
-0.001271

0.017500
-0.001305

0.017500
-0.001338

0.020000
-0.001310

0.019500
-0.001338

0.017000
-0.001366

0.016500
-0.001338

0.021500
-0.001361

0.182000
-0.001333

0.276000
-0.001042

0.475500
0.000286

0.491000
0.000112

0.498500
0.000364

0.503500
0.000890

0.499500
0.001305

0.502500
0.001070

0.506000
-0.000280

0.497000
0.000112

0.496500
-0.000050

0.500500
0.000028

0.500000
0.000078

0.506500
0.000062

0.498000
0.000504

0.502500
0.000879

0.497000
0.000549

0.498500
0.000263

0.502500
0.000207

0.516500
0.000185

0.502500
0.000185

0.497000
0.000179

0.500000
0.000179

0.499000
0.000213

0.508500
0.000241

0.497000
0.000213

0.502000
0.000179

0.501000
-0.000101

0.492000
-0.000258

0.501000
-0.000795

0.495000
-0.000862

0.503500
-0.000790

0.502500
-0.000218

0.499500
0.000017

0.500500
-0.000062

0.488000
-0.000011

0.509500
-0.000062

0.511000
-0.000246

0.499500
0.000050

0.498500
-0.000230

0.503500
-0.000095

0.495500
-0.000006

0.495000
-0.000056

0.507000
-0.000134

0.495000
-0.000034

0.497500
-0.000028

0.495000
-0.000056

0.498000
-0.000090

0.499500
-0.000073

0.494500
-0.000330

0.485000
-0.000011

0.493000
-0.000034

0.508500
-0.000319

0.504000
0.000123

0.505000
-0.000179

0.488500
-0.000050

0.492500
-0.000062

0.518500
-0.000073

0.502500
-0.000084

0.497500
0.000095

0.498000
0.000090

0.499000
-0.000146

0.508000
-0.000045

0.499500
-0.000050

0.487500
-0.000050

0.508500
-0.000207

0.506500
-0.000431

0.486000
-0.000336

0.508500
-0.000118

0.503500
-0.000039

0.497000
0.000011

0.487500
0.000140

0.490000
0.000067

0.506500
0.000196

0.517500
-0.000050

0.502000
-0.000179

0.491000
-0.000022

0.510000
-0.000034

0.508000
-0.000112

0.511500
0.000017

0.505500
-0.000151

0.497500
-0.000095

0.504000
-0.000168

0.498000
-0.000067

0.479000
-0.000056

0.508500
-0.000353

0.505000
-0.000022

0.499000
-0.000045

0.500000
0.000213

0.498000
0.000594

0.510500
0.000722

0.495500
0.000162

0.513500
0.000050

0.483500
0.000006

0.508000
0.000011

0.503000
-0.000112

0.499500
-0.000118

0.506500
-0.000162

0.485000
-0.000022

0.495000
0.000067

0.503000
-0.000034

0.503500
0.000006

0.505500
-0.000084

0.495000
0.000056

0.499000
-0.000213

0.512000
-0.000067

0.498500
-0.000196

0.484500
-0.000241

0.493000
-0.000078

0.503500
-0.000062

0.508000
-0.000045

0.487500
-0.000084

0.498000
-0.000034

0.492500
-0.000095

0.509500
-0.000006

0.498000
0.000090

0.490500
-0.000106

0.502000
-0.000213

0.491500
-0.000050

0.509500
-0.000039

0.489500
0.000073

0.490500
0.000017

0.497000
-0.000011

0.494500
0.000465

0.506500
0.000622

0.499500
0.000745

0.493000
0.000034

0.504500
-0.000095

0.499000
-0.000213

0.495500
-0.000028

0.506000
-0.000213

0.497000
-0.000246

0.498500
-0.000263

0.498000
0.000134

0.498500
-0.000129

0.502000
-0.000011

0.496000
0.000112

0.521500
-0.000319

0.498000
0.000000

0.501500
-0.000230

0.501000
-0.000123

0.489500
-0.000039

0.496500
-0.000017

0.486500
-0.000106

0.506000
-0.000034

0.494000
-0.000045

0.499000
-0.000011

0.495000
-0.000090

0.504000
0.000000

0.508000
-0.000056

0.499500
-0.000084

0.499000
0.000146

0.496500
-0.000039

0.500500
0.000006

0.508500
-0.000218

0.513000
-0.000101

0.492000
-0.000034

0.511500
0.000017

0.498000
0.000000

0.512000
-0.000067

0.492500
-0.000162

0.498500
-0.000062

0.484500
-0.000084

0.490500
0.000050

0.494000
0.000022

0.509500
-0.000028

0.508500
-0.000274

0.497000
-0.000246

0.493000
-0.000078

0.501500
-0.000062

0.495000
-0.000034

0.505500
-0.000017

0.511500
-0.000017

0.508000
-0.000011

0.495000
0.000056

0.494500
0.000017

0.495500
0.000006

0.498000
0.000123

0.508500
0.000375

0.491500
0.000364

0.496500
0.000073

0.507000
-0.000067

0.493000
-0.000179

0.492000
-0.000067

0.508500
0.000084

0.494000
-0.000022

0.494500
0.000129

0.503500
0.000028

0.493500
-0.000207

0.509500
-0.000106

0.499500
-0.000073

0.499500
-0.000084

0.501000
-0.000134

0.499500
-0.000207

0.489500
0.000028

0.501500
0.000017

0.499000
0.000011

0.491500
-0.000017

0.504000
-0.000067

0.502500
-0.000073

0.498000
0.000000

0.502000
-0.000045

0.500000
0.000045

0.504000
0.000034

0.504000
0.000000

0.492500
0.000062

0.505500
0.000017

0.491000
0.000045

0.510500
0.000017

0.512500
-0.000006

0.498500
-0.000028

0.503000
-0.000078

0.497000
0.000045

0.498500
-0.000028

0.503500
0.000006

0.511500
0.000017

0.486000
0.000067

0.491500
0.000050

0.490500
0.000174

0.497000
0.000146

0.421500
0.000073

0.345000
-0.000056

0.000000
0.000000

0.000000
0.000000

0.000000
0.000000

0.000000
0.000000

0.000000
0.000000

0.000000
0.000000

0.000000
0.000000

0.000000
0.000000

0.000000
0.000000

0.000000
0.000000

0.000000
0.000000

0.000000
0.000000

0.000000
0.000000

0.000000
0.000000

0.000000
0.000000

0.000000
0.000000

0.000000
0.000000

0.000000
0.000000

0.000000
0.000000

0.000000
0.000000

0.025000
-0.000280

0.349500
0.000073

0.433500
0.000095

0.504500
0.000017

0.502500
0.000073

0.497000
-0.000045

0.502500
0.000017

0.506500
-0.000062

0.505500
0.000017

0.500000
0.000000

0.507500
-0.000050

0.499500
-0.000319

0.500000
-0.000706

0.504500
-0.000790

0.514000
-0.000011

0.500000
0.000000

0.493000
0.000000

0.493000
0.000000

0.492000
0.000101

0.501500
0.000017

0.503500
-0.000039

0.511000
-0.000078

0.487000
-0.000246

0.513000
0.000000

0.508000
0.000011

0.493000
0.000000

0.498500
0.000028

0.512500
0.000006

0.510500
-0.000017

0.499500
-0.000185

0.497000
0.000045

0.493000
-0.000034

0.499500
0.000017

0.512500
0.000039

0.492000
0.000034

0.503500
0.000028

0.488000
0.000011

0.498000
0.000067

0.513500
-0.000084

0.506500
0.000006

0.492500
0.000062

0.502000
-0.000045

0.496000
-0.000045

0.500000
0.000000

0.497000
-0.000011

0.494000
0.000022

0.506000
0.000067

0.502500
-0.000073

0.498500
-0.000028

0.504000
0.000000

0.500500
0.000062

0.505000
0.000022

0.511000
-0.000022

0.500500
-0.000028

0.495000
-0.000034

0.495000
-0.000067

0.499000
0.000011

0.487500
-0.000050

0.498000
0.000000

0.500500
0.000006

0.498000
-0.000202

0.489500
-0.000039

0.506500
-0.000073

0.509000
-0.000034

0.494000
-0.000011

0.510000
0.000000

0.505500
0.000151

0.493500
0.000073

0.493500
0.000118

0.494000
-0.000011

0.495000
0.000000

0.489500
0.000028

0.508500
-0.000050

0.492500
-0.000062

0.491000
-0.000011

0.510500
-0.000162

0.502000
0.000022

0.507000
0.000034

0.499500
-0.000017

0.497000
-0.000011

0.496500
0.000084

0.506000
0.000526

0.493500
0.000644

0.494500
0.001103

0.504500
0.000263

0.499500
0.000073

0.503500
0.000006

0.513000
0.000034

0.496000
0.000078

0.515500
-0.000073

0.499000
-0.000112

0.496500
-0.000308

0.512000
-0.000426

0.506500
-0.000532

0.495000
-0.000594

0.505500
-0.000678

0.000000
0.000000

0.025000
-0.000280

0.313500
-0.000678

0.393500
-0.000767

0.499500
-0.001103

0.237000
0.000347

0.000000
0.000000

0.000000
0.000000

0.010000
-0.000795

0.199000
-0.001366

0.251500
-0.001282

0.219500
-0.001238

0.140000
-0.001568

-0.000500
-0.001271

0.006500
-0.001316

0.020500
-0.001338

0.034000
-0.001378

0.037500
-0.001338

0.041500
-0.001383

0.034500
-0.001338

0.045000
-0.001389

0.061000
-0.001344

0.072500
-0.001372

0.067000
-0.001333

0.121500
-0.001361

0.145000
-0.001624

0.304000
-0.001310

0.504500
-0.000958

0.498000
-0.000258

0.502000
-0.000314

0.495000
-0.000202

0.501000
-0.000090

0.505500
0.000017

0.498000
0.000034

0.502500
-0.000017

0.492500
0.000006

0.509500
0.000028

0.505500
0.000207

0.497000
-0.000078

0.514000
-0.000056

0.502500
-0.000017

0.490500
-0.000017

0.503500
-0.000028

0.507000
-0.000034

0.506000
0.000000

0.501000
-0.000034

0.503500
0.000006

0.518500
0.000006

0.511000
-0.000078

0.512500
-0.000006

0.506000
0.000034

0.496000
0.000000

0.493000
0.000000

0.497000
-0.000011

0.489500
-0.000039

0.492500
-0.000129

0.505000
0.000022

0.490500
0.000174

0.504000
0.000202

0.498000
0.000269

0.487000
0.000101

0.479000
0.000280

0.498000
0.000067

0.510500
0.000017

0.491000
-0.000011

0.502500
0.000050

0.506000
0.000067

0.509500
-0.000028

0.495500
0.000006

0.496500
-0.000039

0.496500
-0.000050

0.508000
-0.000045

0.497000
-0.000011

0.499500
-0.000151

0.510500
-0.000017

0.490000
0.000067

0.504500
-0.000095

0.516000
-0.000302

0.492500
-0.000230

0.499000
-0.000347

0.502500
-0.000375

0.498000
-0.000034

0.509500
-0.000095

0.501000
0.000157

0.492500
0.000162

0.503000
0.000179

0.501500
-0.000095

0.494500
0.000062

0.507000
-0.000034

0.490500
-0.000140

0.493500
0.000017

0.501000
-0.000157

0.503000
-0.000078

0.490000
-0.000112

0.494000
-0.000011

0.489000
-0.000034

0.490500
0.000017

0.504000
-0.000067

0.487500
0.000140

0.501000
0.000325

0.511500
0.000286

0.493000
0.000280

0.498000
0.000235

0.498000
0.000302

0.489000
0.000123

0.512500
-0.000062

0.503000
0.000146

0.488500
-0.000017

0.499000
0.000045

0.494500
-0.000017

0.498000
-0.000134

0.489000
-0.000067

0.492500
-0.000039

0.503500
-0.000095

0.504000
-0.000202

0.498000
-0.000224

0.499000
-0.000246

0.508500
-0.000084

0.505500
-0.000050

0.500500
0.000095

0.504000
-0.000034

0.501000
-0.000157

0.508000
-0.000112

0.505000
-0.000078

0.498500
-0.000028

0.514000
-0.000078

0.495500
-0.000129

0.486500
0.000006

0.505500
-0.000151

0.497500
-0.000095

0.495000
0.000000

0.493000
0.000213

0.502500
0.000342

0.500000
0.000907

0.505000
0.001131

0.495500
0.001215

0.504500
0.000263

0.490500
0.000286

0.501000
-0.000258

0.497500
0.000297

0.495500
0.000566

0.486500
0.000633

0.503500
0.000196

0.508500
0.000286

0.494500
0.000577

0.504500
0.000610

0.496500
0.000599

0.499500
0.000980

0.500500
0.001126

0.491000
0.001042

0.496500
0.001036

0.498000
0.001053

0.500500
0.001092

0.497000
0.001232

0.499500
0.000543

0.506500
-0.000162

0.500000
-0.000246

0.490500
-0.000274

0.498000
-0.000168

0.495000
-0.000302

0.500500
-0.000263

0.500500
-0.000263

0.494500
-0.000297

0.492500
-0.000297

0.501500
-0.000263

0.495000
-0.000325

0.500500
-0.000330

0.492000
0.000224

0.503000
0.000526

0.501000
0.000829

0.498500
0.000890

0.499500
0.000375

0.499500
0.000084

0.479500
0.000118

0.493500
0.000017

0.505000
0.000022

0.504000
0.000090

0.499500
0.000073

0.500500
-0.000263

0.493000
-0.000381

0.496500
-0.000454

0.502500
-0.000409

0.497000
0.000078

0.509000
0.000179

0.500500
0.000554

0.495500
0.000924

0.503000
0.000874

0.510000
0.000896

0.502000
0.000840

0.497500
0.000857

0.487500
0.000868

0.501000
0.000918

0.505000
0.001042

0.486000
0.001389

0.430000
0.001288

0.395500
0.001450

0.426000
0.001344

0.471500
0.001450

0.506000
0.001400

0.501500
0.001383

0.220000
0.001142

-0.037000
0.000414

0.000000
0.000000

0.176500
0.000476

0.387500
0.000745

0.514000
0.001165

0.505500
0.001428

0.267000
0.001142

0.067500
-0.000050

0.000000
0.000000

0.132000
-0.000090

0.431500
0.000241

0.491000
0.000280

0.501000
0.000235

0.509500
0.000431

0.502500
0.000745

0.501500
0.001103

0.496500
0.001238

0.492500
0.001417

0.498500
0.000823

0.496000
-0.000146

0.500000
-0.000381

0.499500
-0.000476

0.493500
-0.000454

0.504500
-0.000510

0.342500
-0.001618

0.000000
0.000000

0.000000
0.000000

0.167500
-0.000319

0.285500
-0.000678

0.373500
-0.001070

0.198000
-0.001523

0.130000
-0.001456

0.053000
-0.001422

0.054500
-0.001372

0.046500
-0.001372

0.002000
-0.001310

0.083000
-0.000930

0.162500
-0.000689

0.457000
0.000034

0.501000
0.000358

0.511000
0.000683

0.496500
0.000913

0.493500
0.000778

0.506000
0.000941

0.504000
0.000930

0.468000
0.000728

0.184500
0.000610

0.000000
0.000000

0.000000
0.000000

-0.035500
-0.000398

-0.219000
-0.000571

-0.094000
0.001053

0.000000
0.000000

0.000000
0.000000

0.000000
0.000000

0.000000
0.000000

0.000000
0.000000

0.000000
0.000000

0.000000
0.000000

0.000000
0.000000

0.000000
0.000000

0.000000
0.000000

0.000000
0.000000

0.000000
0.000000

-0.083500
-0.000286

-0.041500
-0.000465

0.084500
-0.000946

0.296000
-0.000381

0.391000
-0.000280

0.507000
-0.000258

0.508000
-0.000414

0.495000
-0.000683

0.269500
0.000543

0.031000
-0.000347

0.000000
0.000000

0.064500
0.000118

0.090500
-0.000118

0.226500
-0.000151

0.333500
-0.000297

0.433500
-0.000297

0.502500
-0.000801

0.496500
-0.001327

0.482000
-0.001142

0.498500
-0.001383

0.508000
-0.001434

0.472000
-0.001221

0.508000
-0.001400

0.504000
-0.001288

0.499000
-0.001299

0.503500
-0.001058

0.505000
-0.000840

0.496500
-0.000487

0.508000
-0.000482

0.500500
-0.000532

0.498000
-0.000683

0.491000
-0.000806

0.487500
-0.000118

0.490000
0.000526

0.497000
0.000907

0.498000
0.001288

0.501000
0.001187

0.504000
0.000437

0.489500
-0.000039

0.506500
-0.000196

0.348500
-0.000297

0.000000
0.000000

0.028000
-0.000314

0.000000
0.000000

0.000000
0.000000

0.000000
0.000000

-0.136500
-0.000151

-0.290000
-0.000022

-0.155000
0.000246

0.000000
0.000000

0.000000
0.000000

0.212000
-0.000560

0.089000
0.000997

0.000000
0.000000

0.000000
0.000000

0.000000
0.000000

0.046000
-0.000515

0.200500
-0.000588

0.000000
0.000000

0.000000
0.000000

0.000000
0.000000

0.000000
0.000000

0.000000
0.000000

0.000000
0.000000

-0.104000
0.000056

-0.322500
-0.000342

-0.029000
-0.000325

0.000000
0.000000

0.087000
-0.000246

0.368500
-0.000790

0.435000
-0.000683

0.542500
-0.002111

0.077000
-0.000202

0.000000
0.000000

0.168500
0.000588

-0.035500
0.000398

0.126500
-0.000409

0.069500
-0.000151

0.026500
-0.000297

0.000000
0.000000

0.000000
0.000000

0.044500
0.000498

0.078000
-0.000101

0.000000
0.000000

0.000000
0.000000

0.000000
0.000000

0.257500
0.000129

0.357000
0.000302

0.489000
-0.000034

0.498000
-0.000067

0.501000
-0.000056

0.502000
0.000022

0.501000
0.000470

0.499500
0.000767

0.498500
0.001282

0.504000
0.001322

0.502500
0.001361

0.510500
0.001383

0.501000
0.001411

0.504500
0.001383

0.496500
0.001394

0.500000
0.001299

0.504000
0.001322

0.495000
0.001378

0.513500
0.001383

0.207000
0.000829

-0.082000
-0.000202

-0.242500
-0.000308

-0.476000
0.000000

-0.506000
-0.000224

-0.509000
0.000067

-0.496500
0.000095

-0.516000
0.000538

-0.097500
-0.000062

-0.025000
-0.000280

-0.046000
0.000515

-0.154500
0.000577

-0.085000
0.000952

0.000000
0.000000

0.000000
0.000000

0.035500
0.000398

0.439000
0.000851

0.499500
0.001170

0.261500
0.001137

-0.005000
0.000997

0.025500
0.001372

0.063000
0.001288

0.096000
0.001075

0.120000
0.001344

0.186000
0.001411

0.466500
0.000745

0.494000
0.000706

0.509500
0.000756

0.508000
0.000706

0.508000
-0.000213

0.496500
-0.000599

0.497500
-0.000991

0.495000
-0.001411

0.512500
-0.001383

0.497500
-0.000790

0.483500
-0.000039

0.466000
-0.000034

0.000000
0.000000

0.110000
0.000034

0.297500
0.000062

0.517500
-0.000050

0.504000
-0.000392

0.493500
-0.000734

0.468500
-0.000890

0.502500
-0.001406

0.471500
-0.001159

0.492000
-0.001422

0.505000
-0.001366

0.492500
-0.001316

0.498500
-0.001350

0.502500
-0.001294

0.500000
-0.001299

0.500500
-0.001316

0.498000
-0.001355

0.501500
-0.001350

0.513000
-0.001288

0.499000
-0.001400

0.513500
-0.001316

0.496500
-0.001294

0.476000
-0.000280

0.492000
0.000426

0.496000
0.000638

0.501000
0.001154

0.499000
0.001434

0.504000
0.001254

0.516000
0.000762

0.499500
-0.000353

0.421000
-0.000459

0.068500
-0.000767

0.000000
0.000000

0.000000
0.000000

0.000000
0.000000

-0.161000
-0.000179

-0.454500
-0.000106

-0.500500
0.000062

-0.509000
-0.000134

-0.499000
-0.000045

-0.484500
-0.000050

-0.492500
-0.000084

-0.502500
0.000039

-0.339500
0.000409

-0.116500
0.000050

0.047500
0.000532

0.223000
0.000739

0.320500
0.000969

0.284000
0.001221

0.000000
0.000000

0.000000
0.000000

0.190000
0.000448

0.320500
0.000778

0.126500
0.001417

0.000000
0.000000

0.000000
0.000000

0.000000
0.000000

0.026500
0.000297

0.000500
0.000689

0.003500
0.001193

0.001500
0.001406

-0.004000
0.001243

-0.004500
0.001372

-0.002500
0.001394

0.002000
0.001378

-0.000500
0.001372

0.000500
0.001350

0.151500
0.001697

0.363000
0.001389

0.508500
0.001294

0.509000
0.001400

0.511000
0.001400

0.508000
0.001075

0.510000
-0.000134

0.495000
-0.000291

0.491500
-0.000510

0.326500
-0.000409

0.058000
-0.002128

-0.082500
-0.000924

0.153500
-0.000498

0.348000
-0.000123

0.481500
0.000353

0.503500
0.000498

0.502500
0.000913

0.451000
0.001411

0.050500
0.000566

0.076500
0.000857

0.244500
0.001025

0.413500
0.000543

0.511500
-0.000353

0.507500
-0.000722

0.508500
-0.001137

0.498000
-0.001030

0.509000
-0.001053

0.500000
-0.000381

0.498000
0.000034

0.496500
0.000375

0.493000
0.000773

0.491000
0.001299

0.505500
0.000980

0.481500
-0.000185

0.486500
-0.000230

0.505000
-0.000056

0.501500
-0.000162

0.509500
-0.000006

0.491000
0.000056

0.500000
0.000078

0.500500
0.000095

0.490500
-0.000286

0.504000
-0.000594

0.512000
-0.001019

0.494500
-0.001417

0.495000
-0.001322

0.512000
-0.000806

0.503000
-0.000706

0.488000
-0.000381

0.498000
0.000022

0.498500
0.000465

0.492500
0.000823

0.505500
-0.000084

0.502500
-0.000274

0.490000
-0.000594

0.510500
-0.000890

0.496000
-0.001299

0.499500
-0.001361

0.502500
-0.001372

0.499500
-0.001338

0.498000
-0.001322

0.510000
-0.001355

0.510500
-0.001383

0.502500
-0.001406

0.498500
-0.001350

0.505500
-0.001338

0.507000
-0.001378

0.493500
-0.001338

0.521000
-0.001400

0.495500
-0.001316

0.508500
-0.001338

0.495500
-0.001058

0.484500
0.000308

0.501000
0.000202

0.506500
0.000722

0.504500
0.001103

0.502500
0.000106

0.496000
-0.000078

0.481000
-0.000213

0.499000
-0.000314

0.499500
-0.000274

0.497500
-0.000330

0.493000
-0.000381

0.499500
-0.000319

0.502500
-0.000319

0.491000
-0.000314

0.499000
-0.000314

0.497500
-0.000330

0.494000
-0.000347

0.493500
-0.000319

0.498500
-0.000330

0.507000
-0.000224

0.487000
0.000314

0.491500
0.000722

0.504500
0.000543

0.520000
0.000381

0.492000
0.000370

0.493500
0.000342

0.499500
-0.000185

0.503000
-0.000448

0.506500
-0.000498

0.507500
-0.000129

0.504500
-0.000050

0.498500
0.000062

0.505500
0.000017

0.495500
0.000028

0.507500
0.000017

0.503000
-0.000146

0.512500
0.000095

0.493500
0.000073

0.497500
0.000129

0.503500
-0.000006

0.496500
-0.000017

0.494000
-0.000146

0.505500
-0.000106

0.487500
0.000118

0.517500
-0.000050

0.500500
-0.000006

0.499000
-0.000011

0.491500
-0.000017

0.506000
0.000112

0.511500
-0.000017

0.498000
0.000056

0.497000
-0.000213

0.499500
-0.000207

0.509500
-0.000129

0.492000
-0.000202

0.508000
-0.000146

0.505000
-0.000146

0.508500
-0.000151

0.498000
-0.000190

0.499500
-0.000084

0.496000
-0.000179

0.490500
-0.000185

0.506500
-0.000129

0.506500
0.000095

0.503500
-0.000196

0.497500
0.000028

0.504500
-0.000162

0.513000
-0.000258

0.496500
0.000319

0.493000
0.000638

0.496000
0.000605

0.502500
0.000610

0.500500
0.000554

0.506000
0.000414

0.486000
0.000358

0.505000
-0.000112

0.512000
-0.000381

0.498500
-0.000622

0.502000
-0.000874

0.430000
-0.000560

0.071000
0.000795

0.000000
0.000000

0.000000
0.000000

-0.321500
0.000711

-0.393000
0.000974

-0.402000
0.001333

-0.223500
0.001518

0.042000
0.001221

0.126500
0.001417

0.311000
0.001366

0.514000
0.001333

0.379000
0.000963

0.065500
0.000734

-0.027000
0.001400

-0.014500
0.001361

0.000000
0.000000

0.000000
0.000000

0.000000
0.000000

0.000000
0.000000

0.000000
0.000000

0.000000
0.000000

0.000000
0.000000

0.000000
0.000000

0.000000
0.000000

0.099000
0.000213

0.392000
-0.000370

0.474500
-0.000241

0.506000
-0.000179

0.498500
-0.000263

0.502500
-0.000073

0.499500
-0.000017

0.497000
0.000314

0.499500
0.000510

0.499500
0.000846

0.489000
0.000930

0.493500
0.000409

0.508000
0.000414

0.503000
0.000448

0.499500
-0.000174

0.503500
-0.000588

0.497000
-0.001109

0.503000
-0.001299

0.500000
-0.000146

0.490000
0.000067

0.499500
0.000476

0.503500
0.000622

0.500000
0.000246

0.503000
0.000448

0.496000
-0.000045

0.496500
-0.000599

0.498000
-0.000784

0.499000
-0.001109

0.508000
-0.000482

0.495000
-0.000918

0.498000
-0.000560

0.503000
0.000112

0.502500
0.000510

0.506500
0.000689

0.496000
0.001042

0.450000
0.001333

0.340500
0.000308

0.251500
0.000465

0.000000
0.000000

0.043000
-0.000482

0.352500
-0.000879

0.436500
-0.001047

0.480500
-0.001350

0.373000
-0.001333

0.364500
-0.001327

0.444000
-0.000638

0.479500
-0.000543

0.505000
-0.000146

0.504000
0.000123

0.507500
0.000263

0.500000
0.000146

0.503000
0.000246

0.510500
0.000084

0.476500
-0.000017

0.389000
-0.000190

0.000000
0.000000

-0.130500
0.000476

-0.320500
0.000353

-0.415500
0.000409

-0.026500
0.000297

0.000000
0.000000

0.000000
0.000000

0.000000
0.000000

0.000000
0.000000

-0.005500
0.000924

-0.006000
0.001254

0.025500
0.001406

0.105000
0.001176

0.355000
0.001400

0.272500
0.001529

-0.058500
0.000655

0.000000
0.000000

0.000000
0.000000

-0.110500
0.000308

-0.302500
0.000599

-0.371500
0.001238

-0.121000
0.001355

0.053500
0.001294

0.308000
0.001400

0.414000
0.001366

0.510000
0.001355

0.232500
0.001697

-0.254000
0.001333

-0.323000
0.001478

-0.460000
0.001366

-0.354500
0.001338

-0.041000
0.001165

0.048500
0.001338

0.223500
0.001372

0.370000
0.000045

0.037000
-0.000414

0.032500
-0.000364

0.293000
-0.000482

0.472000
-0.000829

0.504000
-0.000392

0.507500
0.000162

0.498000
0.000269

0.504000
0.000851

0.477500
0.001518

0.499500
0.000017

0.490000
0.000000

0.505000
0.000179

0.501000
0.000627

0.502500
0.001137

0.492000
-0.000190

0.493500
0.000050

0.503000
0.000034

0.504000
0.000224

0.502500
0.000218

0.502000
0.000179

0.500000
0.000414

0.501000
0.000762

0.496500
0.001036

0.498000
0.001277

0.273000
0.000515

0.320500
0.000218

0.390500
0.000252

0.505500
-0.000286

0.504000
-0.000650

0.501000
-0.001176

0.511000
-0.001333

0.493000
-0.001366

0.502500
-0.001372

0.502500
-0.000745

0.501000
-0.000694

0.495000
-0.000504

0.495000
-0.000269

0.510500
-0.000196

0.499000
-0.000045

0.506500
0.000487

0.500500
0.000655

0.491000
0.000974

0.492500
0.001215

0.461500
0.001305

0.433000
0.001288

0.279000
0.001826

0.293000
0.001366

0.496500
0.001428

0.504000
0.001355

0.501000
0.000795

0.497000
0.000347

0.508500
-0.000140

0.499500
0.000454

0.488000
0.000414

0.498000
0.000426

0.511000
0.000146

0.484500
0.000151

0.492500
0.000129

0.507500
0.000129

0.502000
0.000179

0.497000
0.000146

0.496000
0.000213

0.501000
0.000224

0.501500
0.000230

0.507500
0.000196

0.496500
-0.000106

0.501500
-0.000330

0.502500
-0.000218

0.493500
-0.000308

0.500000
-0.000246

0.504500
-0.000263

0.505000
-0.000246

0.502500
-0.000252

0.501500
-0.000297

0.503500
-0.000263

0.509500
-0.000230

0.495000
-0.000235

0.498000
-0.000358

0.501000
-0.000235

0.292000
0.000202

0.000000
0.000000

0.000000
0.000000

0.000000
0.000000

0.000000
0.000000

0.000000
0.000000

0.000000
0.000000

0.000000
0.000000

0.000000
0.000000

0.000000
0.000000

0.000000
0.000000

0.000000
0.000000

0.000000
0.000000

0.000000
0.000000

0.000000
0.000000

0.000000
0.000000

0.154000
-0.000269

0.251000
-0.000202

0.394500
0.001943

0.135500
0.000823

0.000000
0.000000

0.000000
0.000000

0.000000
0.000000

0.000000
0.000000

0.000000
0.000000

0.000000
0.000000

0.000000
0.000000

0.000000
0.000000

0.000000
0.000000

0.000000
0.000000

0.000000
0.000000

0.000000
0.000000

0.000000
0.000000

0.000000
0.000000

0.000000
0.000000

0.000000
0.000000

0.112500
0.000465

0.122500
0.000577

0.034500
0.000386

-0.242000
0.000414

-0.319000
0.000706

-0.122000
0.001366

-0.053000
0.001154

0.067500
0.001338

0.228500
0.001372

0.498000
0.001422

0.511000
0.001366

0.508000
0.001333

0.496500
0.001372

0.500000
0.001366

0.493000
0.001299

0.497000
0.001333

0.501000
0.001389

0.503000
0.001434

0.501500
0.001383

0.477000
0.000034

0.513000
-0.000325

0.497000
-0.000078

0.502000
-0.000011

0.485500
0.000017

0.479000
0.000056

0.491000
-0.000056

0.503000
-0.000034

0.506500
0.000039

0.502000
0.000146

0.504500
0.000510

0.500500
0.001114

0.496500
0.000969

0.505500
0.000678

0.491500
-0.000398

0.492500
-0.000857

0.500500
-0.001316

0.492000
-0.001411

0.501500
-0.001417

0.476000
-0.001310

0.476000
-0.000672

0.346500
0.000969

0.168500
0.000700

0.000000
0.000000

0.000000
0.000000

-0.025000
0.000280

-0.084000
0.000246

-0.296500
0.000588

-0.098500
0.001103

0.000000
0.000000

0.149500
0.000218

0.247000
0.000448

0.435000
0.000515

0.503500
0.000162

0.510500
-0.000118

0.500000
0.000000

0.502000
-0.000011

0.515500
-0.000106

0.507000
-0.000302

0.479000
-0.000773

0.507000
-0.001019

0.503500
-0.001249

0.500000
-0.000448

0.499500
-0.000521

0.073000
-0.000258

0.000000
0.000000

0.000000
0.000000

0.000000
0.000000

-0.134000
0.000437

-0.236500
0.000442

-0.484500
0.000364

-0.500000
0.000291

-0.502000
0.000314

-0.507500
0.000274

-0.498500
0.000252

-0.454000
0.000381

-0.494500
0.000230

-0.513500
0.000375

-0.494000
0.000258

-0.543000
0.000571

-0.498000
0.000213

-0.500000
0.000302

-0.502500
0.000095

-0.504000
-0.000011

-0.504500
0.000050

-0.503000
0.000123

-0.504000
-0.000045

-0.494500
-0.000095

-0.482500
0.000162

-0.504000
0.000011

-0.503000
0.000067

-0.496000
0.000045

-0.503000
0.000101

-0.510500
0.000308

-0.505500
0.000129

-0.501500
0.000106

-0.506000
0.000134

-0.429500
0.000039

-0.387000
0.000213

0.000000
0.000000

0.000000
0.000000

0.000000
0.000000

0.058000
0.000650

0.042000
0.000470

0.000500
0.001316

-0.000500
0.001372

-0.000500
0.001338

-0.001500
0.001338

0.002000
0.001366

-0.028500
0.001361

0.184500
0.001439

0.280000
0.001187

0.509500
0.000857

0.502000
0.000482

0.500000
-0.000381

0.493500
-0.000353

0.501000
-0.000235

0.502000
0.000179

0.493000
0.000213

0.507000
0.000235

0.499500
0.000218

0.510000
0.000336

0.510000
0.000302

0.495000
0.000034

0.508000
-0.000314

0.504000
-0.000650

0.442000
-0.000862

0.000000
0.000000

0.000000
0.000000

0.000000
0.000000

0.000000
0.000000

0.000000
0.000000

0.000000
0.000000

0.000000
0.000000

0.000000
0.000000

0.000000
0.000000

0.000000
0.000000

0.000000
0.000000

0.000000
0.000000

0.000000
0.000000

0.000000
0.000000

0.000000
0.000000

0.000000
0.000000

0.000000
0.000000

0.000000
0.000000

0.031000
0.000347

0.247000
0.000146

0.490000
-0.000381

0.510000
-0.000560

0.512000
-0.000986

0.502500
-0.001305

0.510500
-0.000644

0.507500
-0.000084

0.511000
0.000112

0.503500
0.000364

0.496000
0.000672

0.502000
0.000011

0.491500
-0.000050

0.510000
-0.000034

0.503500
-0.000095

0.510500
-0.000017

0.505500
-0.000140

0.487500
0.000050

0.504500
-0.000050

0.522500
-0.000050

0.495500
0.000006

0.508000
0.000056

0.508000
0.000011

0.500000
0.000000

0.497500
0.000095

0.501500
0.000062

0.488500
0.000050

0.500000
0.000078

0.501000
-0.000056

0.514000
-0.000056

0.500500
-0.000062

0.515000
-0.000134

0.499500
-0.000218

0.504500
-0.000129

0.504500
-0.000230

0.502000
-0.000280

0.499500
-0.000274

0.504000
-0.000202

0.502500
-0.000174

0.490000
-0.000280

0.499500
-0.000274

0.501500
-0.000017

0.498000
-0.000157

0.496500
-0.000118

0.498500
0.000129

0.508000
-0.000045

0.500500
-0.000062

0.502000
-0.000146

0.505000
0.000011

0.507500
-0.000050

0.502500
0.000050

0.495500
-0.000006

0.488500
0.000017

0.502500
0.000084

0.493500
0.000050

0.485500
-0.000230

0.489500
-0.000465

0.503000
-0.000773

0.507000
-0.000392

0.509000
-0.000806

0.489500
-0.000958

0.507000
-0.001422

0.515000
-0.001366

0.505500
-0.001338

0.501000
-0.001355

0.498000
-0.001310

0.509500
-0.001282

0.496500
-0.001394

0.499000
-0.001299

0.502000
-0.001333

0.499500
-0.001271

0.501500
-0.001282

0.502500
-0.001338

0.500000
-0.001333

0.500000
-0.001366

0.500000
-0.001299

0.510000
-0.001355

0.494000
-0.001333

0.510000
-0.000560

0.498000
0.000269

0.511000
-0.000045

0.513500
0.000263

0.505500
0.000543

0.468000
0.000952

0.463000
0.000325

0.488500
0.000610

0.481500
0.000969

0.040000
0.001008

-0.034000
0.001389

0.199000
0.001501

0.308500
0.001506

0.416000
0.001389

0.277500
0.001551

0.123000
0.001378

0.125500
0.001406

0.125500
0.001406

0.288000
0.001467

0.459500
0.001350

0.506500
0.001350

0.497000
0.001333

0.501500
0.001350

0.504000
0.001322

0.507000
0.000818

0.494500
0.000577

0.499000
0.000347

0.495000
0.000291

0.499500
-0.000174

0.505500
-0.000454

0.491500
-0.000991

0.488000
-0.000974

0.509500
-0.000588

0.502000
-0.001109

0.492000
-0.001411

0.493500
-0.001305

0.502000
-0.001142

0.505500
-0.000241

0.498500
-0.000129

0.508500
-0.000118

0.497000
-0.000739

0.501500
-0.000924

0.495500
-0.001316

0.504000
-0.001445

0.497000
-0.001400

0.505500
-0.001428

0.493500
-0.001372

0.498500
-0.001350

0.507500
-0.001383

0.489500
-0.000297

0.488500
-0.000017

0.507000
0.000157

0.418500
0.000599

0.000000
0.000000

0.000000
0.000000

0.000000
0.000000

0.051500
0.000577

0.184000
0.000840

0.185000
0.001042

0.177500
0.001316

0.182500
0.001383

0.182000
0.001400

0.188000
0.001366

0.127000
0.001422

0.032500
0.001350

0.001500
0.001305

-0.006500
0.001338

-0.002000
0.001322

-0.002500
0.001361

-0.003000
0.001389

-0.000500
0.001406

0.000000
0.001389

-0.002500
0.001316

0.000500
0.001361

0.122500
0.001372

0.305500
0.001361

0.299500
0.001327

0.298000
0.001378

0.370500
0.001394

0.500500
0.001316

0.489500
0.001316

0.495000
0.001344

0.502500
0.001361

0.501500
0.001316

0.506000
0.000907

0.505500
0.000409

0.503500
0.000062

0.503500
-0.000431

0.496500
-0.000543

0.505000
-0.000941

0.502500
-0.000879

0.499500
-0.000902

0.507500
-0.000924

0.509500
0.000106

0.498500
0.000431

0.504000
0.000795

0.498000
0.001322

0.499500
0.001260

0.511500
0.000118

0.498000
-0.000202

0.505500
-0.000274

0.502500
-0.000353

0.497000
-0.000280

0.498000
-0.000616

0.484500
-0.000017

0.500500
0.000196

0.493500
0.000386

0.501000
0.000392

0.493500
0.000319

0.501500
0.000196

0.499000
0.000146

0.491000
0.000246

0.505500
0.000140

0.496000
0.000078

0.499500
0.000039

0.504500
0.000017

0.498000
-0.000157

0.499000
-0.000515

0.495000
-0.000963

0.499500
-0.001327

0.496000
-0.001333

0.510000
-0.001344

0.497500
-0.001383

0.495000
-0.001254

0.507000
-0.001344

0.502000
-0.001333

0.501000
-0.001389

0.501500
-0.001383

0.498500
-0.001350

0.493000
-0.001120

0.496500
-0.000734

0.501500
-0.000398

0.500500
-0.000095

0.496500
0.000454

0.507000
0.000627

0.512000
0.001019

0.509000
0.000560

0.509000
0.000773

0.489000
0.000750

0.504000
0.000560

0.503000
0.000314

0.498000
0.000123

0.505000
-0.000056

0.496500
-0.000084

0.501500
-0.000062

0.507500
-0.000017

0.503500
0.000006

0.501500
0.000062

0.505000
0.000022

0.500000
0.000000

0.498000
-0.000101

0.509500
-0.000554

0.500000
-0.000739

0.497000
-0.001042

0.501000
-0.001030

0.500500
-0.001058

0.503000
-0.001120

0.500500
-0.001025

0.491500
-0.001070

0.511000
-0.001109

0.489500
-0.001058

0.496500
-0.001081

0.507000
-0.001120

0.495500
-0.000958

0.501000
-0.000728

0.502500
-0.000319

0.504000
-0.000392

0.494000
-0.000538

0.510000
-0.000963

0.499500
-0.001372

0.498000
-0.001355

0.502500
-0.001305

0.498500
-0.001316

0.504500
-0.001350

0.514000
-0.001366

0.508500
-0.001372

0.502000
-0.001042

0.505500
-0.000644

0.489500
-0.001249

0.502000
-0.001400

0.502500
-0.001372

0.495000
-0.001355

0.496500
-0.000487

0.481500
0.000274

0.459000
0.000280

0.378500
0.000050

0.080000
-0.000291

0.000000
0.000000

0.000000
0.000000

-0.240000
0.000482

-0.386500
0.000935

-0.381500
0.001036

-0.086500
0.000969

0.074500
-0.000140

0.221500
0.000039

0.370000
-0.000179

0.413000
-0.000034

0.486500
0.000028

0.509000
0.000034

0.502500
0.000050

0.484500
0.000017

0.493500
0.000151

0.516000
0.000269

0.509500
0.000230

0.492000
0.000224

0.498500
0.000263

0.386000
0.001120

0.131000
0.001467

0.000000
0.000000

0.000000
0.000000

-0.143000
0.000482

-0.338000
0.000795

-0.483000
0.001053

-0.030500
-0.000342

0.000000
0.000000

0.000000
0.000000

0.000000
0.000000

0.000000
0.000000

0.143000
0.000347

0.093000
0.001042

-0.001000
0.001310

0.005000
0.001378

0.000000
0.000000

0.000000
0.000000

0.000000
0.000000

0.000000
0.000000

-0.279500
0.000622

-0.292000
0.000482

-0.041500
0.000465

0.082000
-0.000112

0.182500
-0.000330

0.421000
-0.000560

0.216000
-0.000202

0.000000
0.000000

0.000000
0.000000

0.096500
0.000207

0.188000
0.000414

0.029500
0.000330

0.000000
0.000000

0.000000
0.000000

0.027000
0.000302

0.136500
0.000666

0.000500
0.000801

0.008000
0.001333

0.000000
0.001389

0.002000
0.001299

-0.006500
0.001338

-0.003000
0.001389

-0.002000
0.001322

0.108000
0.001210

0.190000
0.001366

0.383500
0.000924

0.507500
0.000644

0.507000
-0.000134

0.504000
-0.000403

0.508500
-0.000711

0.501000
-0.001120

0.502500
-0.001406

0.499500
-0.001327

0.504000
-0.001344

0.499000
-0.001198

0.508000
-0.000482

0.505000
-0.000011

0.503500
0.000039

0.507000
-0.000291

0.497000
-0.000448

0.504000
-0.000426

0.499500
-0.000454

0.509500
-0.000454

0.504000
0.000325

0.201500
-0.000543

0.000000
0.000000

0.000000
0.000000

0.000000
0.000000

0.000000
0.000000

0.000000
0.000000

0.000000
0.000000

0.068500
0.000207

0.278500
0.000543

0.397000
0.000907

0.245500
0.001585

-0.059000
0.000661

0.000000
0.000000

0.060500
0.000678

0.128500
0.000834

0.240000
0.001154

0.387500
0.001394

0.513000
0.001411

0.495000
0.001344

0.499500
0.001271

0.503500
-0.000196

0.496500
-0.000386

0.509000
-0.000739

0.501000
-0.001176

0.503000
-0.001366

0.510500
-0.001350

0.492000
-0.001355

0.177500
-0.001081

-0.001000
0.001691

0.000000
0.000000

0.000000
0.000000

-0.273500
0.000454

-0.347000
0.000728

-0.517500
0.001193

-0.499000
0.001333

-0.501500
0.001361

-0.423500
0.001260

-0.167500
0.001876

0.035000
0.001142

0.328500
0.001428

0.420500
0.001305

0.516500
0.001383

0.503500
0.001282

0.257000
0.000997

-0.333500
0.000476

-0.378500
0.000745

-0.104000
0.000482

0.000000
0.000000

0.040500
0.000454

0.151500
0.000398

0.354500
0.000823

0.381500
0.000510

0.089000
0.000997

-0.033500
0.001002

0.284000
0.001366

0.480500
0.000734

0.515500
0.000666

0.510000
0.000235

0.500000
-0.000482

0.500000
-0.000605

0.499500
-0.000745

0.499000
-0.000347

0.502500
0.000050

0.497500
0.000364

0.502000
0.000773

0.507000
0.001086

0.488000
0.001232

0.561500
0.000084

0.500000
-0.000112

0.501000
-0.000034

0.508000
0.000146

0.493000
0.000314

0.440500
-0.000084

0.509000
-0.000414

0.518500
-0.000599

0.485500
-0.001002

0.486000
-0.001187

0.505500
-0.000846

0.499000
-0.000146

0.495500
0.000431

0.502000
0.000706

0.504000
0.000728

0.501000
0.000683

0.508000
0.000280

0.499500
0.000308

0.514000
0.000381

0.503000
-0.000034

0.493500
-0.000017

0.500500
-0.000162

0.494000
0.000045

0.495000
-0.000056

0.500500
0.000006

0.503000
0.000078

0.500000
0.000314

0.511000
0.000806

0.493000
0.001120

0.493500
0.001361

0.500000
0.001366

0.501500
0.001350

0.499500
0.001361

0.507500
0.001383

0.502500
0.001305

0.504000
0.001355

0.492000
0.001322

0.509000
0.001299

0.493500
0.001002

0.489000
-0.000336

0.495000
-0.000134

0.487000
-0.000627

0.496500
-0.000778

0.506000
-0.000706

0.464500
-0.000286

0.227000
0.000325

0.000000
0.000000

0.000000
0.000000

0.000000
0.000000

0.000000
0.000000

0.000000
0.000000

0.000000
0.000000

0.000000
0.000000

0.000000
0.000000

0.000000
0.000000

0.000000
0.000000

0.000000
0.000000

0.000000
0.000000

0.000000
0.000000

0.000000
0.000000

0.000000
0.000000

0.000000
0.000000

0.000000
0.000000

0.000000
0.000000

0.000000
0.000000

0.000000
0.000000

0.000000
0.000000

0.000000
0.000000

0.000000
0.000000

0.000000
0.000000

0.000000
0.000000

0.000000
0.000000

0.000000
0.000000

0.000000
0.000000

0.000000
0.000000

0.000000
0.000000

0.000000
0.000000

0.000000
0.000000

0.000000
0.000000

0.000000
0.000000

0.000000
0.000000

0.000000
0.000000

0.000000
0.000000

0.000000
0.000000

0.000000
0.000000

0.000000
0.000000

0.000000
0.000000

0.000000
0.000000

0.000000
0.000000

0.000000
0.000000

0.000000
0.000000

0.000000
0.000000

0.000000
0.000000

0.000000
0.000000

0.000000
0.000000

0.000000
0.000000

0.000000
0.000000

0.219500
0.000543

0.280500
0.000689

0.299500
0.000980

0.270000
0.001400

0.112500
0.001260

0.138500
0.001551

0.086000
0.001523

0.029500
0.001260

0.162000
0.001814

-0.051000
0.001299

0.040500
0.000454

0.055000
0.000616

0.105000
0.001176

0.172000
0.001355

0.267500
0.001361

0.269000
0.001422

0.270000
0.001333

0.264500
0.001327

0.458500
0.001372

0.506000
0.001366

0.510000
0.001411

0.507000
0.001389

0.500500
0.001350

0.515000
0.000728

0.509000
0.000213

0.500500
0.000129

0.509000
-0.000101

0.508500
-0.000084

0.500500
-0.000263

0.507000
-0.000358

0.498000
-0.000123

0.508000
-0.000022

0.500500
-0.000006

0.499500
-0.000039

0.504000
0.000034

0.505500
0.000017

0.505000
0.000011

0.503000
0.000000

0.511000
-0.000146

0.503500
-0.000028

0.490500
-0.000140

0.496500
0.000241

0.511000
0.000739

0.505000
0.001008

0.500500
0.001249

0.497500
0.001350

0.508500
0.001338

0.502500
0.000700

0.502500
0.000666

0.506000
0.000594

0.492500
0.000689

0.499000
0.000078

0.498000
-0.000202

0.498500
-0.000431

0.502500
-0.000969

0.503500
-0.000263

0.507000
-0.000392

0.508000
0.000504

0.494500
0.000577

0.490500
0.000913

0.503000
0.000773

0.502000
0.000739

0.501000
0.000134

0.500000
-0.000112

0.501500
-0.000330

0.501000
-0.000728

0.467500
-0.001831

0.495000
0.000470

0.497000
0.000672

0.496500
0.000913

0.499500
0.001204

0.499500
0.000521

0.506500
-0.000062

0.502500
-0.000017

0.499500
-0.000017

0.508000
-0.000022

0.494000
-0.000179

0.501000
-0.000493

0.502500
-0.000510

0.496500
-0.000521

0.501000
-0.000627

0.502500
-0.000543

0.499500
-0.000521

0.498000
-0.000538

0.510500
-0.000510

0.498000
-0.000650

0.498000
-0.000650

0.501000
-0.000683

0.495500
-0.000756

0.497000
-0.000706

0.503000
-0.000448

0.496500
0.000476

0.500500
0.000991

0.505500
0.000969

0.497000
0.001366

0.502500
0.001361

0.497000
0.001299

0.410000
0.001344

0.206000
0.001053

-0.035500
0.000398

0.000000
0.000000

0.000000
0.000000

-0.204500
0.000442

-0.293000
0.000538

-0.437000
0.000907

-0.421000
0.001322

-0.259500
0.001663

-0.059000
0.001288

0.132500
0.001484

0.307000
0.001422

0.465500
0.001294

0.506000
0.001400

0.503000
0.001501

0.505500
0.001305

0.487500
0.001327

0.504000
0.001344

0.496500
0.001294

0.520500
0.001394

0.513500
0.001350

0.504000
0.001389

0.501500
0.001417

0.496500
0.001327

0.501500
0.001316

0.504000
-0.000258

0.511500
-0.000218

0.497500
-0.000398

0.494500
-0.000577

0.499500
-0.001047

0.501000
0.000101

0.496000
0.000314

0.490000
0.000627

0.498500
0.001182

0.506500
0.000924

0.512000
0.000213

0.495000
-0.000358

0.499500
-0.000745

0.496500
-0.001036

0.523500
0.000442

0.518000
-0.000168

0.506000
0.000381

0.499000
0.000840

0.505500
0.000610

0.504500
0.000543

0.499000
0.000549

0.502500
0.000454

0.495000
-0.000168

0.494000
-0.000078

0.496000
-0.000179

0.499500
-0.000241

0.471500
-0.000028

0.497000
-0.000078

0.502000
0.000045

0.487500
0.000218

0.503000
0.000526

0.495500
0.000890

0.499500
0.001372

0.499500
0.001394

0.499500
0.001338

0.508000
0.001400

0.504000
0.000896

0.505500
0.001014

0.226000
0.001131

-0.014000
0.001030

0.000000
0.000000

0.000000
0.000000

0.000000
0.000000

0.000000
0.000000

0.000000
0.000000

0.000000
0.000000

0.000000
0.000000

0.000000
0.000000

0.000000
0.000000

0.000000
0.000000

0.000000
0.000000

0.000000
0.000000

0.000000
0.000000

0.000000
0.000000

0.000000
0.000000

0.000000
0.000000

0.000000
0.000000

0.000000
0.000000

0.000000
0.000000

0.000000
0.000000

0.000000
0.000000

0.000000
0.000000

0.000000
0.000000

0.000000
0.000000

0.000000
0.000000

0.000000
0.000000

0.000000
0.000000

0.000000
0.000000

0.031000
-0.000347

0.345500
-0.000196

0.498000
-0.000190

0.511000
-0.000179

0.514500
0.000185

0.487000
0.000560

0.496500
0.000700

0.499000
0.000672

0.488000
0.000706

0.497000
0.000549

0.512000
0.000381

0.492500
0.000028

0.506500
-0.000006

0.509500
0.000006

0.500500
-0.000006

0.515500
0.000039

0.500500
-0.000006

0.487000
0.000034

0.494000
-0.000045

0.506500
-0.000039

0.494500
-0.000062

0.503500
-0.000062

0.495500
-0.000062

0.493500
-0.000050

0.503500
-0.000062

0.497000
-0.000011

0.508500
-0.000017

0.495500
-0.000006

0.490000
0.000034

0.492000
-0.000067

0.514500
-0.000050

0.503000
-0.000034

0.505000
-0.000056

0.514000
-0.000078

0.495000
0.000000

0.497000
0.000011

0.498000
-0.000067

0.511000
0.000022

0.502500
-0.000084

0.498000
-0.000067

0.503500
-0.000006

0.507000
-0.000067

0.501500
-0.000017

0.506500
-0.000006

0.506000
-0.000034

0.494000
0.000022

0.494000
0.000022

0.506500
-0.000073

0.494000
-0.000011

0.497000
-0.000078

0.503500
0.000028

0.487000
0.000000

0.505000
-0.000056

0.507000
0.000000

0.496500
0.000050

0.497000
0.000112

0.490500
0.000510

0.494500
0.000890

0.507000
0.001411

0.496500
0.001372

0.495000
0.001322

0.490500
0.001305

0.510000
0.001378

0.488000
0.001366

0.496000
0.001366

0.499000
0.001198

0.504000
0.000885

0.499000
0.000414

0.512500
0.000330

0.509000
0.000067

0.500000
0.000560

0.500000
0.000840

0.507500
0.000297

0.504000
0.000101

0.498500
0.000028

0.505500
-0.000118

0.502000
-0.000246

0.496000
-0.000739

0.504000
-0.000986

0.492500
-0.000364

0.488500
0.000230

0.504000
0.000560

0.495000
0.000504

0.495500
0.000554

0.502000
0.000605

0.508000
0.000347

0.503000
0.000146

0.484000
-0.000067

0.511000
-0.000022

0.500000
-0.000638

0.505500
-0.000084

0.493500
-0.000140

0.504000
-0.000134

0.501000
-0.000157

0.508000
-0.000280

0.492000
-0.000202

0.496500
-0.000241

0.505500
-0.000207

0.511500
-0.000207

0.493500
-0.000185

0.460500
-0.000364

0.137500
0.000543

0.000000
0.000000

0.000000
0.000000

0.000000
0.000000

0.000000
0.000000

-0.092500
-0.000454

-0.088000
-0.000986

-0.058500
-0.001350

-0.003500
-0.001540

0.005000
-0.001378

-0.001000
-0.001445

0.002000
-0.001344

-0.003000
-0.001389

-0.004000
-0.001434

0.001000
-0.001389

-0.003000
-0.001322

-0.004000
-0.001310

-0.006500
-0.001338

-0.005000
-0.001355

-0.002500
-0.001350

0.053500
-0.001327

0.056500
-0.001361

0.103000
-0.001154

0.228000
-0.001366

0.320000
-0.001434

0.480000
-0.001422

0.512500
-0.001215

0.502000
-0.000381

0.500000
-0.000112

0.504000
0.000291

0.499500
0.000521

0.499500
0.001103

0.503000
0.001400

0.507000
0.001389

0.503500
0.001383

0.496500
0.001338

0.495500
0.001316

0.498000
0.001322

0.496500
0.001361

0.505500
0.000946

0.513000
0.000224

0.495000
0.000291

0.506000
0.000706

0.488500
0.001070

0.506000
0.001120

0.492500
0.001159

0.498000
0.000090

0.499000
-0.000347

0.509500
-0.000039

0.496000
-0.000045

0.496500
-0.000106

0.503500
0.000129

0.482500
0.000442

0.499500
0.000577

0.494500
0.000924

0.496000
0.001366

0.498500
0.001316

0.501500
0.001350

0.500000
0.001366

0.501000
0.001310

0.497000
0.001333

0.506000
0.000246

0.502500
-0.000118

0.500000
-0.000112

0.390500
0.000274

0.367500
-0.000902

0.480500
-0.001126

0.452500
-0.001238

0.040000
0.000448

0.000000
0.000000

0.164000
0.000414

0.456500
0.000924

0.403000
0.000213

0.000000
0.000000

0.000000
0.000000

0.000000
0.000000

0.000000
0.000000

0.000000
0.000000

0.000000
0.000000

0.000000
0.000000

0.033000
0.000370

0.246000
0.000515

0.233500
0.000599

0.064500
0.000050

0.000000
0.000000

0.000000
0.000000

0.000000
0.000000

-0.027500
-0.000308

-0.167000
-0.000560

-0.182000
-0.000885

-0.134000
-0.001501

-0.046000
-0.000515

0.021000
-0.001254

0.150000
-0.001680

0.182000
-0.001400

0.082500
-0.001585

0.002000
-0.001266

0.002500
-0.001372

-0.005500
-0.001361

-0.007000
-0.001310

-0.007000
-0.001299

0.001000
-0.001322

-0.003000
-0.001389

-0.004000
-0.001344

0.000500
-0.001394

-0.032000
-0.001322

-0.097500
-0.001092

-0.039500
-0.001372

0.013500
-0.001372

0.282000
-0.000874

0.452500
-0.000644

0.515500
-0.000487

0.508500
-0.000442

0.511500
-0.000409

0.506000
-0.000448

0.494000
-0.000773

0.509000
-0.001086

0.504000
-0.000470

0.500500
-0.000330

0.509500
-0.000039

0.500500
0.000431

0.510000
0.000258

0.500000
-0.000146

0.499000
-0.000280

0.495000
-0.000795

0.503500
-0.001159

0.504500
-0.001417

0.498000
-0.001322

0.498500
-0.001282

0.507000
-0.001187

0.503000
-0.001008

0.505500
-0.000834

0.500000
-0.000414

0.500000
-0.000112

0.494000
-0.000011

0.498000
0.000067

0.486500
-0.000073

0.515500
-0.000106

0.511500
-0.000375

0.504500
-0.000297

0.499500
-0.000241

0.499500
-0.000342

0.506500
-0.000297

0.501000
-0.000291

0.511500
-0.000319

0.496500
-0.000353

0.509500
-0.000263

0.512500
0.000196

0.504500
0.000263

0.511000
0.000448

0.505500
0.000577

0.490500
0.000543

0.499500
0.000039

0.499000
0.000011

0.494500
0.000017

0.495000
-0.000090

0.503500
-0.000006

0.497000
-0.000011

0.504000
-0.000134

0.507000
-0.000202

0.509500
-0.000230

0.491500
-0.000196

0.501000
-0.000235

0.510000
-0.000258

0.496000
-0.000246

0.491500
-0.000263

0.507000
0.000168

0.494500
0.000062

0.495000
-0.000056

0.491500
-0.000129

0.493000
0.000034

0.495000
0.000336

0.501500
0.001103

0.484500
0.001170

0.504000
0.001378

0.501000
0.001355

0.505500
0.000375

0.500500
0.000095

0.492000
-0.000190

0.502500
0.000017

0.494500
0.000330

0.492000
0.000325

0.501000
0.000661

0.511000
0.000997

0.531500
0.001002

0.518000
0.000918

0.504000
0.000986

0.496500
0.000700

0.451000
-0.000034

0.495000
0.000134

0.508500
0.000140

0.494500
0.000364

0.507000
0.000493

0.507000
0.000694

0.492500
0.000722

0.503500
0.000958

0.499500
0.000946

0.498000
0.000896

0.496500
0.000543

0.491000
0.000582

0.501500
0.000790

0.501500
0.000991

0.498500
0.000890

0.492500
0.000890

0.504500
0.000958

0.497000
0.000874

0.497500
0.000958

0.504000
0.000930

0.499500
0.000846

0.501500
0.000924

0.496000
0.000907

0.496500
0.000745

0.508500
0.000644

0.509000
0.000493

0.487000
0.000000

0.495500
0.000028

0.489500
0.000039

0.510500
0.000050

0.495500
0.000062

0.498000
-0.000034

0.506500
0.000073

0.510000
0.000067

0.500000
0.000000

0.498500
0.000129

0.505000
0.000045

0.503500
0.000039

0.504000
0.000067

0.504000
0.000101

0.498500
0.000062

0.500500
0.000028

0.502500
0.000073

0.505000
0.000011

0.504500
0.000017

0.506500
0.000230

0.499500
0.000420

0.499500
0.000308

0.507500
0.000398

0.501000
0.000526

0.511000
0.000582

0.489000
0.000818

0.489000
0.000851

0.495500
0.000857

0.496500
0.000879

0.497500
0.000857

0.507000
0.000918

0.504500
0.000958

0.491500
0.000890

0.498000
0.000851

0.493500
0.000879

0.501000
0.000862

0.493500
0.000946

0.502500
0.000543

0.496500
0.000286

0.503500
0.000263

0.501000
0.000235

0.492000
0.000190

0.492500
0.000196

0.493500
0.000174

0.505500
0.000454

0.500500
0.000958

0.505000
0.001075

0.494000
0.001333

0.508000
0.001366

0.504000
0.001512

0.455500
0.001271

0.507000
0.001310

0.502000
0.001434

0.499500
0.001193

0.497000
0.000806

0.504500
0.000510

0.494000
0.000078

0.498000
-0.000392

0.506000
-0.000739

0.503500
-0.001081

0.439000
-0.001288

0.183000
-0.001322

0.144500
-0.001618

0.235500
-0.001350

0.420000
-0.000683

0.482000
-0.000482

0.509500
-0.000521

0.503000
-0.000773

0.504000
-0.001154

0.500000
-0.001333

0.501500
-0.001350

0.506000
-0.001400

0.496000
-0.001366

0.384000
-0.000907

0.220000
-0.000347

0.450500
0.000398

0.490000
0.000594

0.478000
0.000101

0.492000
0.000291

0.506000
0.000526

0.527500
0.000566

0.477000
0.000101

0.499000
0.000874

0.421500
0.000006

0.000000
0.000000

0.000000
0.000000

0.000000
0.000000

0.000000
0.000000

0.000000
0.000000

0.000000
0.000000

0.000000
0.000000

-0.136500
0.000442

-0.422500
0.000308

-0.429500
0.000454

-0.095500
-0.000039

0.000000
0.000000

0.000000
0.000000

0.040500
0.000454

0.046000
0.000515

0.000000
0.000000

0.000000
0.000000

0.000000
0.000000

0.050000
0.000560

0.026500
-0.000297

0.000000
0.000000

0.000000
0.000000

0.000000
0.000000

0.029500
0.000330

0.062500
0.000700

0.064000
0.000717

0.040000
0.001075

0.050000
0.001221

0.055000
0.001378

0.056000
0.001389

0.114000
0.001277

0.248000
0.001445

0.456000
0.001366

0.389500
0.001148

-0.038500
0.000431

0.000000
0.000000

0.000000
0.000000

-0.037000
-0.000414

-0.157000
-0.000381

-0.243500
-0.001182

-0.038500
0.000431

0.120000
-0.000246

0.318500
-0.000364

0.467500
-0.000543

0.491500
-0.000095

0.509500
-0.000230

0.493500
-0.000319

0.493500
-0.000106

0.498500
-0.000095

0.496500
-0.000375

0.498000
-0.000370

0.498500
-0.000756

0.498500
-0.001182

0.482500
-0.000510

0.476500
-0.000543

0.384000
-0.000526

0.455500
-0.001036

0.307000
-0.000358

0.000000
0.000000

0.000000
0.000000

0.000000
0.000000

0.155500
-0.000353

0.351000
-0.000325

0.492000
0.000526

0.437500
0.001070

-0.003500
0.001014

-0.036000
0.001400

0.000000
0.000000

0.038500
0.000431

0.349500
0.000577

0.507500
0.001036

0.509500
0.001114

0.500000
0.001366

0.505500
0.001327

0.508000
0.001366

0.237000
0.001266

-0.026500
0.000297

-0.025000
0.000280

-0.117500
0.000420

-0.074500
0.000834

0.000000
0.000000

0.208000
0.000482

0.482500
0.001036

0.512500
0.001215

0.498000
0.001456

0.501500
0.001350

0.499500
0.001338

0.495000
0.001378

0.500500
0.001417

0.504000
0.001378

0.309500
0.000655

-0.035500
0.000398

0.000000
0.000000

0.000000
0.000000

0.106000
0.000000

0.418500
-0.000039

0.507500
-0.000196

0.498500
-0.000095

0.491500
-0.000129

0.502000
-0.000179

0.479000
-0.000056

0.492500
-0.000196

0.503500
-0.000230

0.500000
-0.000179

0.506000
-0.000179

0.504500
-0.000017

0.499500
0.000375

0.504000
0.000526

0.476000
0.000997

0.407000
0.001389

0.389500
0.001350

0.468500
0.001226

0.497500
0.000465

0.502500
0.000151

0.161500
-0.000767

-0.009000
-0.000661

-0.010000
-0.000941

0.002000
-0.001333

-0.001000
-0.001333

-0.001000
-0.001400

0.036000
-0.001288

0.290000
-0.001053

0.471500
-0.000554

0.511000
-0.000179

0.500500
-0.000006

0.492000
-0.000269

0.501000
-0.000694

0.491500
-0.000823

0.496500
-0.001103

0.493500
0.000017

0.503500
0.000062

0.499000
-0.000045

0.499500
-0.000017

0.486500
0.000039

0.502500
-0.000017

0.503500
-0.000028

0.502500
-0.000073

0.489500
-0.000162

0.509000
0.000000

0.499000
0.000011

0.510000
-0.000034

0.490500
0.000241

0.338500
0.000610

0.031000
0.000347

-0.026000
0.001053

0.116500
0.001305

0.301000
0.001378

0.472500
0.001495

0.501500
0.001383

0.501000
0.001411

0.502500
0.001338

0.490500
0.001305

0.507000
0.001422

0.500500
0.001025

0.506500
0.000991

0.499500
0.000846

0.492000
-0.000235

0.499500
-0.000151

0.496500
-0.000185

0.498500
0.000095

0.496500
0.000409

0.500500
0.000622

0.504000
0.000269

0.490500
0.000252

0.498000
0.000190

0.518500
0.000162

0.487500
0.000140

0.507000
0.000067

0.506500
0.000062

0.497500
0.000162

0.493000
0.000213

0.511000
0.000112

0.509000
-0.000034

0.503000
-0.000112

0.497500
-0.000028

0.495000
0.000123

0.493500
-0.000106

0.496500
-0.000084

0.496500
0.000050

0.503500
0.000521

0.496500
0.000834

0.493500
0.001137

0.498000
0.000986

0.501000
0.000403

0.498000
-0.000202

0.507000
-0.000661

0.489500
-0.000958

0.499500
-0.001002

0.514500
-0.000969

0.503000
-0.000179

0.507000
-0.000224

0.500500
-0.000297

0.498500
-0.000330

0.488000
-0.000538

0.505000
-0.000549

0.501000
-0.000560

0.499500
-0.000644

0.495000
-0.000504

0.486500
-0.000554

0.500500
-0.000554

0.510000
-0.000560

0.491000
-0.000538

0.506000
-0.000560

0.490500
-0.000610

0.492500
-0.000554

0.497000
-0.000605

0.504500
-0.000510

0.494000
-0.000571

0.496500
-0.000510

0.513500
-0.000543

0.501000
-0.000526

0.503500
-0.000622

0.501000
-0.001064

0.499500
-0.001081

0.492500
-0.000890

0.507500
-0.000084

0.488000
-0.000078

0.503500
0.000039

0.498000
-0.000034

0.496500
-0.000039

0.507000
0.000000

0.499000
0.000112

0.489500
-0.000006

0.499500
-0.000017

0.499500
0.000039

0.491000
-0.000056

0.506000
-0.000067

0.500500
0.000006

0.501000
0.000034

0.496000
0.000045

0.502000
0.000011

0.510500
0.000050

0.496500
0.000017

0.499500
0.000140

0.500000
0.000112

0.501000
0.000067

0.500000
0.000146

0.511500
0.000308

0.496000
0.000605

0.505000
0.000773

0.500500
0.001126

0.399500
0.001260

0.000000
0.000000

-0.035000
0.000392

0.000000
0.000000

0.000000
0.000000

0.000000
0.000000

0.000000
0.000000

0.000000
0.000000

0.103500
-0.000599

0.350000
-0.001075

0.395000
-0.001411

0.452500
-0.001305

0.507000
-0.001344

0.495000
-0.001288

0.502500
-0.001361

0.505000
-0.001400

0.496500
-0.001361

0.504500
-0.001350

0.518000
-0.000067

0.491500
0.000196

0.495000
0.000358

0.499000
0.000907

0.477500
0.001282

0.206500
0.001182

0.000000
0.000000

0.000000
0.000000

-0.165000
0.000291

-0.335500
0.000756

-0.342500
0.000767

-0.117500
0.000006

0.000000
0.000000

0.000000
0.000000

0.000000
0.000000

0.000000
0.000000

0.037500
0.000420

0.254000
0.000650

0.277500
0.001047

0.000000
0.000000

0.000000
0.000000

0.111000
0.000414

0.140500
0.000801

0.067000
0.000750

0.038500
0.001316

0.031000
0.001277

0.025000
0.001400

0.078500
0.001439

0.348000
0.001422

0.502500
0.001394

0.510000
0.001378

0.507000
0.001378

0.169500
0.001898

0.021000
0.001131

0.060000
0.001322

0.129500
0.001450

0.236000
0.001355

0.417000
0.001366

0.487500
0.001338

0.488500
0.001383

0.483000
0.001344

0.466000
0.001355

0.486000
0.001322

0.498500
0.001417

0.504500
0.001350

0.495000
0.001389

0.495500
0.001350

0.496500
0.001305

0.507500
0.000431

0.500000
0.000179

0.491500
-0.000330

0.490000
-0.000672

0.500500
-0.000823

0.501500
-0.001215

0.492000
-0.001378

0.495000
-0.001288

0.496500
-0.001394

0.501000
-0.001086

0.497000
-0.000280

0.498000
-0.000594

0.501000
-0.000896

0.497500
-0.001383

0.510500
-0.001238

0.502500
-0.000252

0.461000
-0.000146

0.132000
-0.000538

0.241000
0.000515

0.235000
0.000806

0.195000
0.000997

0.174500
0.001383

0.146000
0.001635

0.263000
0.001445

0.499500
0.001394

0.509500
0.001350

0.497000
0.001366

0.501000
0.001389

0.506500
0.001350

0.499500
0.001372

0.500500
0.000263

0.505500
0.000151

0.502000
-0.000011

0.497500
-0.000532

0.504000
-0.000885

0.499500
-0.001014

0.490500
-0.001327

0.493500
-0.001372

0.417500
-0.000868

0.496500
-0.001372

0.505500
-0.001338

0.498000
-0.001355

0.499000
-0.001299

0.501500
-0.001383

0.503000
-0.001333

0.499500
-0.001372

0.498000
-0.001355

0.499500
-0.001372

0.510000
-0.001389

0.505500
-0.000946

0.495500
-0.000431

0.498000
0.000101

0.500000
0.000000

0.498000
0.000358

0.493000
0.000482

0.501000
0.000560

0.493500
0.000487

0.502000
0.000538

0.504500
0.000722

0.501000
-0.000090

0.500000
-0.000179

0.495500
-0.000431

0.499500
-0.000846

0.503000
0.000034

0.499500
-0.000241

0.490000
-0.000314

0.493500
-0.000734

0.496500
-0.000801

0.495000
-0.000392

0.501500
-0.000543

0.505500
-0.000577

0.495500
0.000162

0.503500
-0.000039

0.492500
0.000006

0.496000
0.000000

0.499500
-0.000084

0.491500
-0.000196

0.506500
-0.000039

0.497000
-0.000045

0.504000
0.000000

0.503500
0.000006

0.513000
-0.000101

0.496500
-0.000039

0.508000
-0.000011

0.503000
-0.000112

0.499500
-0.000050

0.499500
-0.000151

0.492000
0.000000

0.510000
0.000000

0.511000
-0.000011

0.485500
0.000017

0.499500
0.000151

0.497000
0.000011

0.491500
-0.000017

0.505500
-0.000017

0.502500
-0.000140

0.492500
-0.000028

0.490500
-0.000017

0.503000
-0.000078

0.500500
0.000006

0.495500
0.000006

0.498000
-0.000022

0.491000
0.000045

0.496500
-0.000084

0.502500
-0.000050

0.491000
-0.000146

0.505000
-0.000112

0.500000
-0.000146

0.496000
-0.000112

0.497000
-0.000112

0.488000
-0.000112

0.498000
-0.000022

0.483500
0.000129

0.501000
0.000258

0.503000
0.000448

0.497500
0.000465

0.500500
0.000588

0.493500
0.000633

0.495500
0.000431

0.513000
0.000392

0.505500
-0.000084

0.500000
-0.000078

0.502000
-0.000078

0.496500
0.000039

0.496000
-0.000078

0.500500
0.000006

0.502000
0.000078

0.515500
-0.000039

0.500000
0.000045

0.510000
-0.000258

0.495500
-0.000028

0.500000
-0.000045

0.506500
-0.000028

0.506500
-0.000073

0.491500
-0.000050

0.504500
-0.000364

0.495500
-0.000431

0.496500
-0.000409

0.504500
-0.000823

0.499500
-0.000666

0.501000
-0.000952

0.506000
-0.001400

0.511000
-0.001333

0.501000
-0.001389

0.510000
-0.001378

0.502500
-0.001305

0.503000
-0.001366

0.504000
-0.001411

0.503500
-0.001350

0.495000
-0.001310

0.497500
-0.001383

0.509000
-0.000941

0.505500
0.000050

0.490000
-0.000034

0.499000
-0.000011

0.500500
-0.000028

0.502500
0.000017

0.505500
-0.000017

0.498000
-0.000022

0.505000
0.000045

0.496500
-0.000308

0.495000
-0.000470

0.526000
-0.000538

0.490000
-0.000560

0.481500
-0.000375

0.503000
-0.000179

0.502500
-0.000118

0.500500
-0.000095

0.499000
-0.000045

0.493000
0.000034

0.497500
0.000062

0.502500
0.000050

0.499000
0.000112

0.501500
0.000062

0.502500
0.000118

0.501000
0.000123

0.504000
0.000123

0.502000
0.000146

0.494500
0.000162

0.501500
0.000263

0.495500
0.000162

0.501000
0.000168

0.507000
0.000235

0.504000
0.000224

0.504000
0.000190

0.499500
0.000174

0.499000
0.000179

0.497000
0.000246

0.501500
0.000196

0.499000
0.000213

0.498500
0.000230

0.506500
0.000230

0.498000
0.000190

0.502500
0.000174

0.501500
0.000498

0.438500
0.000722

0.207500
0.000364

0.079500
0.000330

0.189500
0.000890

0.193500
0.001238

0.197500
0.001417

0.199000
0.001366

0.196000
0.001366

0.134000
0.001501

0.106500
0.001193

0.068000
0.001355

0.029000
0.001355

0.023000
0.001400

0.018000
0.001322

-0.004000
0.001366

-0.004000
0.001400

0.002000
0.001411

0.101500
0.001137

0.360500
0.001417

0.500000
0.000706

0.504000
0.000728

0.496500
0.000633

0.501000
0.000762

0.503500
0.000498

0.500000
0.000347

0.495000
0.000090

0.499500
-0.000073

0.496500
-0.000039

0.503500
0.000006

0.500000
0.000078

0.492500
-0.000006

0.496500
0.000118

0.503500
0.000006

0.495000
-0.000067

0.499500
-0.000039

0.506000
-0.000146

0.495000
-0.000056

0.493500
-0.000073

0.495500
-0.000006

0.500500
0.000006

0.500500
0.000028

0.503500
0.000006

0.492500
-0.000006

0.495500
-0.000230

0.503000
-0.000078

0.502500
-0.000386

0.502500
-0.000207

0.488000
-0.000056

0.501500
-0.000398

0.498500
0.000196

0.504000
-0.000134

0.510000
0.000392

0.506500
0.000722

0.499500
0.000610

0.477000
0.000728

0.512500
0.000666

0.530500
0.000700

0.498500
0.000756

0.494000
0.000706

0.504500
0.000756

0.493500
0.000678

0.504500
0.000722

0.503000
0.000706

0.504500
0.000655

0.493500
-0.000084

0.491000
0.000213

0.490500
-0.000084

0.577500
0.000073

0.479500
-0.000185

0.491000
-0.000045

0.491000
0.000213

0.505000
0.000571

0.498500
0.000958

0.496500
0.001103

0.502000
0.001075

0.497000
0.000515

0.507500
0.000263

0.496500
0.000241

0.499000
0.000146

0.488500
0.000084

0.498000
0.000056

0.496500
0.000084

0.494500
0.000017

0.499500
0.000106

0.500500
0.000095

0.511000
0.000045

0.508500
0.000207

0.488500
0.000577

0.498000
0.001120

0.504000
0.001210

0.495500
0.001182

0.494000
0.001109

0.497500
0.001182

0.496000
0.001075

0.501500
0.001215

0.490500
0.000846

0.496500
0.000353

0.489500
0.000297

0.503000
0.000381

0.496000
0.000672

0.513000
0.000258

0.490500
0.000319

0.496000
0.000078

0.504500
-0.000095

0.491500
-0.000398

0.498500
-0.000588

0.496500
-0.001002

0.497500
-0.001417

0.502500
-0.001361

0.504000
-0.001411

0.504000
-0.001344

0.493000
-0.001299

0.501000
-0.001378

0.532000
-0.000538

0.497000
0.000011

0.509500
-0.000297

0.514500
-0.000017

0.494500
-0.000095

0.512500
-0.000722

0.502000
-0.000974

0.499500
-0.001137

0.496500
-0.001137

0.495500
0.000297

0.507000
0.000493

0.509500
0.000823

0.503500
0.000566

0.501000
0.000627

0.495000
0.000067

0.501000
-0.000123

0.504500
-0.000129

0.496500
-0.000118

0.502000
-0.000246

0.512500
-0.000095

0.503000
-0.000112

0.504500
-0.000162

0.495500
-0.000028

0.517000
-0.000011

0.496500
0.000252

0.512500
0.000364

0.502500
0.000745

0.499500
0.001193

0.420000
0.001310

0.252500
0.001327

0.224500
0.001417

0.204000
0.001288

0.179000
0.001400

0.236000
0.001490

0.496500
0.001428

0.514000
0.001333

0.505500
0.001372

0.446500
0.001338

0.232000
0.001232

0.365500
0.001350

0.515500
-0.000174

0.496500
-0.000252

0.493500
-0.000543

0.506500
-0.000924

0.503500
-0.001417

0.498000
-0.001254

0.513500
-0.001036

0.490500
0.000017

0.496500
-0.000106

0.500500
0.000095

0.494500
-0.000162

0.502500
-0.000286

0.497000
-0.000179

0.497500
-0.000297

0.501000
-0.000202

0.501500
-0.000330

0.504000
-0.000258

0.502000
0.000078

0.506000
0.000246

0.453500
0.000857

0.274500
0.000062

0.253000
0.000840

0.274500
0.000958

0.273000
0.001299

0.234500
0.001338

0.140500
0.001574

0.255500
0.001305

0.338000
0.001501

0.508000
0.000874

0.530000
0.000134

0.500500
0.000062

0.488000
0.000011

0.507500
0.000017

0.486500
0.000062

0.485000
-0.000112

0.503500
-0.000028

0.499000
-0.000314

0.471500
-0.000431

0.408000
-0.001198

0.344500
-0.000857

0.136500
-0.000521

0.000000
0.000000

0.148000
0.000504

0.198000
0.000717

0.200000
0.001075

0.192000
0.001120

0.190000
0.001400

0.196500
0.001327

0.200500
0.001249

0.338000
0.000638

0.476500
-0.000185

0.505500
0.000017

0.492500
0.000263

0.501000
0.000358

0.505000
0.000672

0.506500
0.001058

0.501000
0.001355

0.498000
-0.001030

0.508500
-0.000353

0.495000
-0.000560

0.502000
-0.000974

0.487500
-0.000969

0.490500
-0.001204

0.505500
-0.000980

0.501000
-0.000683

0.494500
-0.000129

0.498000
0.000403

0.486000
0.000291

0.495500
0.000095

0.495000
0.000123

0.359000
-0.000101

0.000000
0.000000

-0.027500
0.000308

0.000000
0.000000

0.000000
0.000000

0.000000
0.000000

0.000000
0.000000

0.000000
0.000000

0.000000
0.000000

0.000000
0.000000

0.000000
0.000000

0.087500
0.000274

0.193500
0.000274

0.154000
0.000560

0.000000
0.000000

0.000000
0.000000

0.000000
0.000000

0.000000
0.000000

0.164500
0.000274

0.230500
0.000398

0.232000
0.000213

0.277500
0.000297

0.313000
-0.000034

0.326500
0.000118

0.315500
0.000140

0.335000
0.000482

0.327500
0.001058

0.333000
0.001221

0.367000
0.001310

0.502500
0.001372

0.501000
0.001310

0.502500
0.001338

0.505500
0.001327

0.499000
0.001366

0.510500
0.000610

0.504000
0.000224

0.494000
0.000179

0.502500
-0.000151

0.507500
0.000017

0.505500
0.000084

0.501000
0.000168

0.506500
-0.000028

0.494000
-0.000078

0.505500
-0.000375

0.508000
-0.000571

0.497000
-0.000874

0.498500
-0.001383

0.502500
-0.001327

0.498000
-0.001142

0.505500
-0.000207

0.513500
0.000050

0.498000
0.000594

0.492000
0.000728

0.499500
0.001159

0.437500
0.001327

0.401500
0.001350

0.473000
0.000582

0.510500
0.000610

0.498000
0.000650

0.498000
0.000717

0.501000
0.001019

0.498000
0.000426

0.501000
0.000123

0.504000
-0.000190

0.500500
-0.000532

0.495000
-0.000952

0.375500
-0.000812

-0.029000
-0.000325

0.000000
0.000000

0.000000
0.000000

0.043000
0.000482

0.287000
0.000661

0.464500
0.001002

0.506500
0.001417

0.501500
0.001350

0.484500
0.001406

0.479000
0.001310

0.469000
0.001322

0.482500
0.001450

0.497500
0.001316

0.514000
0.001400

0.502000
0.001232

0.509000
-0.000146

0.494000
-0.000448

0.506500
-0.000532

0.498000
-0.001019

0.494500
-0.001316

0.499000
-0.001366

0.466000
-0.000661

0.486500
-0.000991

0.462000
-0.000874

0.401000
-0.000426

0.058000
-0.000650

0.031500
0.000353

0.190000
0.000706

0.412500
0.001182

0.440500
0.001361

0.498500
0.001316

0.505500
0.001428

0.498000
0.001389

0.508000
-0.000112

0.511500
-0.000286

0.494500
-0.000465

0.489000
-0.000952

0.505000
-0.000941

0.519500
0.000151

0.503000
0.000246

0.499500
0.000734

0.490000
0.000974

0.498000
0.000325

0.503000
0.000000

0.499000
-0.000347

0.505500
-0.000666

0.498000
-0.000616

0.493500
0.000252

0.467500
0.000610

0.472000
0.000795

0.505500
0.001103

0.457000
0.001490

0.448500
0.001282

0.402500
0.001137

0.463000
0.000493

0.501000
-0.000370

0.498500
-0.000129

0.508500
0.000409

0.497000
0.000605

0.498500
0.000958

0.490500
0.001226

0.494500
0.001383

0.292000
0.000762

0.026500
-0.000297

0.000000
0.000000

0.000000
0.000000

0.121500
0.000319

0.255500
0.000644

0.174500
0.000801

0.000000
0.000000

0.000000
0.000000

-0.043000
0.000482

-0.165000
0.000459

-0.224000
0.000795

0.039500
0.001193

0.196500
0.001271

0.249500
0.001372

0.322000
0.000762

0.393500
-0.000700

0.509500
-0.001081

0.505500
-0.001428

0.498000
-0.001378

0.508000
-0.000090

0.512500
0.000062

0.498000
0.000067

0.495000
-0.000101

0.504000
-0.000134

0.504500
-0.000162

0.505500
-0.000375

0.503500
-0.000028

0.502500
0.000409

0.504000
0.000851

0.502500
0.001002

0.497500
0.000924

0.497000
0.000280

0.501500
0.000095

0.493000
0.000112

0.503000
0.000314

0.499500
0.000319

0.495000
0.000235

0.513500
0.000297

0.501500
0.000543

0.493000
0.000840

0.504500
0.001170

0.505000
0.000806

0.501000
0.000862

0.501000
0.001120

0.500000
0.001198

0.499500
0.001103

0.506500
0.001126

0.495000
0.000650

0.496500
0.000386

0.501000
0.000000

0.503500
-0.000129

0.509500
-0.000689

0.500000
-0.000907

0.504000
-0.000661

0.512500
-0.000062

0.505000
0.000414

0.493000
0.000594

0.501000
-0.000123

0.510000
-0.000190

0.491000
-0.000146

0.495500
-0.000129

0.505000
-0.000146

0.492000
-0.000123

0.511000
-0.000112

0.504000
-0.000437

0.500000
-0.000246

0.502500
0.000319

0.502500
0.000409

0.504000
0.000762

0.496500
0.000801

0.493500
0.000106

0.505500
0.000454

0.500500
0.000958

0.500500
0.001383

0.499500
0.001394

0.502500
0.001361

0.505500
0.001372

0.506000
0.001366

0.505500
0.001394

0.506500
0.000958

0.511000
0.000806

0.491500
-0.000230

0.496000
-0.000146

0.496000
-0.000146

0.511500
-0.000274

0.496000
-0.000146

0.490000
-0.000414

0.508500
-0.000174

0.492000
0.000123

0.495000
0.000616

0.496500
0.000902

0.496500
0.001137

0.508000
0.000840

0.498500
0.000823

0.501000
0.000224

0.497000
0.000045

0.504000
0.000101

0.492000
-0.000034

0.504000
-0.000101

0.505500
0.000017

0.498500
-0.000263

0.493500
-0.000476

0.497000
-0.001075

0.490500
-0.001271

0.491000
-0.001400

0.508500
-0.001428

0.497000
-0.001400

0.487500
-0.001338

0.493500
-0.001338

0.505000
-0.001400

0.417500
-0.001529

0.236000
-0.001781

0.039000
-0.000437

0.000000
0.000000

0.000000
0.000000

0.000000
0.000000

0.000000
0.000000

0.000000
0.000000

0.199500
0.000118

0.486000
0.000168

0.501000
0.000000

0.469500
0.000118

0.025000
-0.000280

-0.030500
-0.000342

0.000000
0.000000

0.000000
0.000000

-0.029500
0.000330

-0.005000
0.001064

-0.002500
0.001350

-0.004000
0.001266

-0.007000
0.001344

-0.003000
0.001288

-0.002500
0.001327

-0.003500
0.001406

-0.005500
0.001294

0.001000
0.001422

0.001500
0.001372

-0.001500
0.001372

0.023500
0.001417

0.254500
0.001450

0.451500
0.001282

0.502500
0.001361

0.514500
0.001361

0.504500
0.001350

0.496500
0.000913

0.494000
0.000482

0.505000
0.000179

0.501000
-0.000235

0.417500
-0.000442

0.200000
-0.000314

0.286500
-0.000633

0.278500
-0.001002

0.283500
-0.001148

0.235000
-0.001400

0.432500
-0.001271

0.506500
-0.001081

0.493000
-0.001086

0.498500
-0.001249

0.503500
-0.001350

0.497500
-0.001316

0.507000
0.000123

0.496500
0.000241

0.502500
0.000353

0.499000
-0.000246

0.491000
-0.000381

0.501000
-0.000302

0.496500
-0.000218

0.498000
0.000325

0.499500
0.000745

0.498000
0.001210

0.502500
0.001394

0.501000
0.001355

0.500500
0.001350

0.499500
0.001338

0.508000
0.001434

0.508000
0.001366

0.499500
0.001394

0.506500
0.001383

0.498000
0.001344

0.495500
0.001282

0.503500
0.001114

0.495500
0.000196

0.499000
-0.000482

0.493000
-0.000974

0.494000
-0.001008

0.501500
-0.001350

0.486500
-0.001316

0.501500
-0.001383

0.503000
-0.001366

0.499500
-0.001327

0.501000
-0.000818

0.493500
0.000017

0.493500
-0.000017

0.497500
-0.000095

0.497000
0.000213

0.503000
0.000381

0.508500
0.000834

0.498000
0.000582

0.498500
0.000689

0.499500
0.000274

0.489500
-0.000095

0.501000
0.000000

0.488000
0.000470

0.501000
0.000795

0.504000
0.001120

0.509000
0.001086

0.508500
0.000174

0.498500
-0.000062

0.486500
0.000039

0.495500
-0.000028

0.497000
0.000011

0.511000
-0.000011

0.504000
0.000067

0.497000
-0.000045

0.499000
-0.000078

0.498500
0.000095

0.519000
-0.000101

0.501000
0.000134

0.496500
0.000476

0.501500
0.000577

0.489000
0.000795

0.494000
0.000011

0.494500
-0.000017

0.499500
-0.000073

0.490000
-0.000067

0.507500
-0.000017

0.504000
0.000000

0.514500
0.000017

0.498500
0.000028

0.499000
-0.000011

0.491000
-0.000078

0.502000
-0.000022

0.487500
0.000017

0.500000
0.000179

0.508500
0.000476

0.487500
0.000476

0.502500
0.000487

0.491000
0.000414

0.507000
0.000392

0.511000
0.000011

0.500500
0.000006

0.494000
-0.000022

0.509000
0.000000

0.494500
0.000017

0.487000
0.000000

0.501000
0.000067

0.499000
-0.000011

0.506500
0.000039

0.495000
-0.000067

0.493500
-0.000174

0.504000
0.000134

0.499500
-0.000174

0.504500
0.000017

0.511500
0.000050

0.499500
0.000084

0.499500
0.000084

0.506000
0.000112

0.502000
0.000246

0.499500
0.000510

0.510000
0.000750

0.496500
0.000745

0.499500
0.000745

0.505500
0.000711

0.500000
0.000773

0.497500
0.000722

0.504000
0.000795

0.496000
0.000706

0.501500
0.000756

0.503500
0.000756

0.484500
0.000767

0.501000
0.000762

0.492500
0.000756

0.496000
0.000773

0.499500
0.000745

0.503000
0.000246

0.501000
0.000067

0.420000
-0.000347

0.164000
0.000605

0.000000
0.000000

0.000000
0.000000

0.000000
0.000000

0.151000
-0.000269

0.353000
-0.000213

0.493000
-0.000246

0.514000
-0.000246

0.491000
-0.000246

0.501000
-0.000291

0.494000
-0.000246

0.502000
-0.000280

0.501000
-0.000302

0.507000
-0.000325

0.491000
-0.000314

0.503500
-0.000297

0.499000
-0.000280

0.499000
-0.000280

0.507500
0.000017

0.499500
-0.000050

0.493000
-0.000034

0.502500
0.000050

0.505500
0.000017

0.507000
0.000067

0.499500
0.000207

0.498000
0.000224

0.501500
0.000129

0.500000
0.000000

0.493500
0.000106

0.500500
-0.000062

0.500500
0.000028

0.496500
0.000017

0.494000
-0.000213

0.501500
-0.000465

0.499500
-0.000577

0.501000
-0.000694

0.502500
-0.000666

0.473500
-0.000084

0.410500
0.000263

0.341500
0.000050

0.000000
0.000000

0.000000
0.000000

0.000000
0.000000

0.000000
0.000000

0.000000
0.000000

0.000000
0.000000

0.000000
0.000000

-0.061500
0.000689

-0.091000
0.001019

-0.117500
0.001316

-0.123500
0.001383

-0.112000
0.001254

0.147500
0.001652

0.339500
0.001484

0.435500
0.001417

0.507000
0.001344

0.464000
0.001277

0.053000
0.000594

-0.032000
0.000358

0.000000
0.000000

0.168500
0.000599

0.184000
0.000941

0.098000
0.001098

0.086000
0.000963

0.026500
0.000297

0.142000
0.000202

0.210000
0.000101

0.397500
0.000263

0.514000
0.000146

0.480500
0.000006

0.486500
-0.000006

0.505500
-0.000084

0.487500
-0.000084

0.496500
-0.000543

0.515000
-0.000773

0.499500
-0.001137

0.251500
-0.001350

0.087500
-0.000980

0.000000
0.000000

0.000000
0.000000

0.000000
0.000000

0.000000
0.000000

0.000000
0.000000

0.000000
0.000000

0.000000
0.000000

0.000000
0.000000

0.000000
0.000000

0.000000
0.000000

0.000000
0.000000

0.000000
0.000000

0.000000
0.000000

0.000000
0.000000

0.000000
0.000000

0.000000
0.000000

0.000000
0.000000

0.000000
0.000000

0.000000
0.000000

0.000000
0.000000

0.000000
0.000000

0.000000
0.000000

0.000000
0.000000

0.000000
0.000000

0.000000
0.000000

0.000000
0.000000

0.000000
0.000000

0.000000
0.000000

0.049000
0.000549

0.033000
0.001154

0.046500
0.001372

0.038000
0.001389

0.038500
0.001350

0.035500
0.001350

0.039500
0.001305

0.038500
0.001350

0.034500
0.001338

0.031500
0.001238

0.031500
0.001338

0.020000
0.001333

0.038500
0.001260

0.036500
0.001372

0.014000
0.001210

0.000000
0.000000

0.000000
0.000000

0.000000
0.000000

0.000000
0.000000

0.000000
0.000000

0.080500
0.000330

0.301000
0.000426

0.512000
0.000459

0.504000
0.001254

0.440500
0.000420

0.133500
0.000566

-0.035500
-0.000398

0.000000
0.000000

0.000000
0.000000

0.000000
0.000000

0.000000
0.000000

0.251000
-0.000325

0.497000
0.000011

0.512500
0.000162

0.502000
0.000538

0.508000
0.001008

0.505500
0.001238

0.501000
0.001523

0.412000
0.001221

0.233500
0.001226

-0.042500
0.000476

0.000000
0.000000

0.000000
0.000000

0.000000
0.000000

0.000000
0.000000

0.000000
0.000000

0.000000
0.000000

0.000000
0.000000

0.093500
-0.000185

0.318000
-0.000426

0.514500
-0.001002

0.496500
-0.001260

0.504000
-0.001355

0.507000
-0.001389

0.509000
-0.001434

0.501500
-0.001058

0.476000
-0.000538

0.142000
0.000067

0.212500
0.000398

0.480000
0.001053

0.504500
0.000991

0.501000
0.000930

0.522500
0.000543

0.498000
-0.000134

0.505500
-0.000454

0.497500
-0.000431

0.498000
-0.000370

0.507000
-0.000392

0.496500
-0.000353

0.499000
-0.000347

0.503000
-0.000347

0.501000
-0.000403

0.508500
-0.000050

0.507000
0.000202

0.497500
0.000532

0.498500
0.000722

0.497500
0.001182

0.502500
0.000633

0.513000
0.000034

0.505000
0.000056

0.495500
-0.000028

0.500000
0.000078

0.505000
-0.000011

0.502000
-0.000022

0.509000
-0.000067

0.503500
-0.000039

0.489500
-0.000039

0.499000
-0.000078

0.502500
-0.000017

0.505000
-0.000022

0.499500
0.000050

0.500500
0.000095

0.503500
0.000599

0.504000
0.000963

0.496500
0.001305

0.499500
0.001372

0.503500
0.001092

0.498500
0.000532

0.497500
0.000230

0.467000
-0.000381

0.495000
-0.000403

0.492500
-0.000431

0.502000
0.000347

0.494500
0.000364

0.500000
0.000806

0.496500
0.001226

0.509500
0.001226

0.490500
0.000050

0.498000
-0.000538

0.501500
-0.000890

0.501500
-0.001182

0.498000
-0.001344

0.510500
-0.000510

0.503000
-0.000347

0.496500
-0.000409

0.507000
-0.000392

0.505000
-0.000381

0.497000
-0.000414

0.501500
-0.000431

0.497500
-0.000398

0.496500
-0.000834

0.509000
-0.000974

0.495000
-0.000896

0.494000
-0.000974

0.515000
-0.001019

0.496500
-0.000980

0.502500
-0.000935

0.506500
-0.000521

0.508000
-0.000515

0.508000
-0.000448

0.504500
-0.000364

0.501000
-0.000358

0.486000
-0.000426

0.504000
-0.000470

0.499500
-0.000342

0.494500
-0.000364

0.508500
-0.000252

0.500000
-0.000414

0.498000
-0.000291

0.514000
-0.000403

0.498000
-0.000302

0.515000
-0.000347

0.496000
-0.000874

0.473500
-0.001036

0.493500
-0.001428

0.506500
-0.000857

0.499500
-0.001047

0.502500
-0.001271

0.497000
-0.001131

0.503000
-0.001120

0.498000
-0.001187

0.504000
-0.000190

0.492500
0.000028

0.499000
-0.000011

0.502500
0.000017

0.491500
0.000129

0.494000
-0.000045

0.505000
0.000045

0.496500
0.000073

0.497500
0.000297

0.505500
0.000846

0.496500
0.000913

0.506000
0.000874

0.499500
0.000207

0.501000
0.000235

0.489500
0.000162

0.505500
0.000140

0.502000
0.000246

0.492500
0.000230

0.506000
0.000213

0.484500
0.000207

0.496500
0.000073

0.499000
-0.000112

0.499000
-0.000314

0.508000
-0.000773

0.508500
-0.000946

0.498500
-0.001417

0.504000
-0.001411

0.502500
-0.001305

0.490500
-0.001394

0.495500
-0.001350

0.504000
-0.001389

0.494500
-0.001383

0.496500
-0.001338

0.505000
-0.001400

0.505500
-0.001428

0.503000
-0.001400

0.499500
-0.001372

0.507000
-0.001411

0.499500
-0.000353

0.513500
-0.000263

0.501000
0.000056

0.494500
0.000129

0.503500
-0.000039

0.496500
0.000319

0.500000
0.000448

0.505500
0.001014

0.502000
0.001266

0.499500
0.001193

0.503500
0.001159

0.498000
0.001120

0.499000
0.001232

0.492500
0.001148

0.507500
0.001137

0.496500
0.001193

0.497500
0.001182

0.490000
0.001086

0.503500
0.001126

0.496500
0.001103

0.499000
0.001198

0.471500
0.000958

0.499500
0.000610

0.506500
0.000330

0.487500
-0.000252

0.493500
-0.000666

0.498000
-0.000728

0.514500
-0.000969

0.498000
-0.000358

0.509500
-0.000196

0.493000
-0.000381

0.501000
-0.000235

0.505000
-0.000146

0.500000
-0.000347

0.508000
0.000011

0.511000
-0.000179

0.504500
-0.000017

0.502500
0.000017

0.495000
-0.000202

0.492000
0.000000

0.494000
-0.000011

0.498500
-0.000028

0.508500
0.000017

0.499500
-0.000017

0.495000
0.000123

0.505000
0.000078

0.499500
0.000039

0.499500
0.000106

0.512500
0.000263

0.508000
0.000246

0.489000
0.000202

0.502500
0.000241

0.500500
0.000297

0.494000
0.000347

0.501500
0.000297

0.501000
0.000358

0.489500
0.000297

0.437500
0.000252

0.111500
-0.000151

0.000000
0.000000

0.000000
0.000000

0.000000
0.000000

0.000000
0.000000

0.051500
-0.000577

0.000000
0.000000

0.000000
0.000000

0.105500
0.000185

0.296500
0.000409

0.474000
0.000493

0.504000
0.000493

0.495500
0.000006

0.500000
0.000000

0.518500
-0.000062

0.495000
-0.000034

0.500000
-0.000078

0.510000
0.000000

0.512500
-0.000073

0.513000
-0.000067

0.512500
-0.000039

0.494000
-0.000022

0.494000
-0.000022

0.507500
0.000017

0.503500
-0.000006

0.493500
-0.000050

0.496000
-0.000078

0.492500
-0.000039

0.495500
-0.000062

0.511000
-0.000123

0.502500
-0.000050

0.508500
0.000084

0.502500
0.000017

0.495000
0.000426

0.500000
0.000280

0.492500
0.000431

0.488000
0.000582

0.508500
0.000700

0.503500
0.000689

0.499000
0.000739

0.503500
0.000689

0.493000
0.000806

0.495000
0.000986

0.504000
0.001154

0.495500
0.001148

0.499500
0.001170

0.505000
0.001434

0.500500
0.001350

0.505500
0.001338

0.508500
0.001394

0.502500
0.001361

0.496000
0.001299

0.498000
0.001344

0.513000
0.001086

0.503000
0.000638

0.506000
0.000560

0.488000
0.000538

0.502000
0.000213

0.504000
0.000202

0.492500
-0.000095

0.508000
-0.000011

0.491000
0.000246

0.510500
0.000442

0.492000
0.000762

0.470500
0.001103

0.496500
0.001394

0.496000
0.001165

0.562500
0.000487

0.489500
0.000073

0.487500
-0.000274

0.498000
-0.000661

0.496500
-0.000476

0.507000
0.000269

0.419000
0.000594

0.455500
0.000834

0.536000
0.000560

0.492000
-0.000459

0.507500
-0.000823

0.505500
-0.001036

0.508000
-0.001366

0.319000
-0.000269

0.215500
0.000532

-0.067500
0.000756

0.000000
0.000000

0.000000
0.000000

0.000000
0.000000

0.000000
0.000000

0.000000
0.000000

0.000000
0.000000

0.000000
0.000000

0.000000
0.000000

0.000000
0.000000

0.000000
0.000000

0.000000
0.000000

0.000000
0.000000

0.000000
0.000000

0.129000
-0.000179

0.332500
-0.000577

0.000000
0.000000

0.000000
0.000000

0.000000
0.000000

0.000000
0.000000

0.000000
0.000000

0.110000
0.000269

0.296500
-0.000017

0.457000
-0.000034

0.073000
0.000224

0.072000
0.000067

0.000000
0.000000

0.030000
-0.000336

0.000000
0.000000

0.000000
0.000000

0.000000
0.000000

0.093500
-0.000342

0.195000
-0.000437

0.394000
-0.000739

0.511500
-0.001294

0.434500
-0.001170

0.168500
0.000980

0.000000
0.000000

0.000000
0.000000

0.000000
0.000000

-0.018500
-0.000969

0.000000
0.000000

0.000000
0.000000

0.000000
0.000000

0.000000
0.000000

0.000000
0.000000

0.000000
0.000000

0.027000
-0.000302

0.000000
0.000000

0.242000
-0.000459

0.421500
-0.000801

0.505500
-0.001137

0.490500
-0.001361

0.391000
-0.000616

0.193500
-0.000319

0.273000
0.000157

0.451000
0.000526

0.507000
0.000235

0.493500
0.000218

0.511000
0.000078

0.514500
-0.000050

0.148500
0.000823

0.000000
0.000000

0.000000
0.000000

0.103000
-0.000179

0.322500
0.000308

0.501500
0.000297

0.504000
0.000325

0.503000
0.000280

0.436500
-0.000039

0.165500
0.000722

-0.052500
-0.000588

0.000000
0.000000

0.035500
-0.000398

0.264500
-0.000678

0.000000
0.000000

0.000000
0.000000

0.000000
0.000000

0.000000
0.000000

-0.254500
-0.000476

-0.421000
-0.000795

0.000000
0.000000

0.000000
0.000000

0.000000
0.000000

0.000000
0.000000

0.000000
0.000000

0.000000
0.000000

0.086000
-0.000358

0.050000
-0.000560

0.008500
-0.001058

0.003000
-0.001355

-0.002500
-0.001361

0.014000
-0.001299

0.044000
-0.001355

0.036000
-0.001389

0.037000
-0.001344

0.034000
-0.001310

0.040500
-0.001338

0.038000
-0.001355

0.041500
-0.001350

0.038500
-0.001327

0.034000
-0.001333

0.039500
-0.001406

0.034000
-0.001299

0.058500
-0.001439

0.227500
-0.000980

0.313000
-0.000930

0.486000
-0.000986

0.506500
-0.001159

0.489000
-0.000930

0.491000
-0.000907

0.508500
-0.000644

0.500500
-0.000431

0.503000
0.000179

0.439000
0.000392

0.362000
0.000739

0.329000
0.001075

0.473500
0.001338

0.508500
0.001327

0.501000
0.001344

0.495000
0.001445

0.512500
0.001383

0.499500
0.001372

0.496000
0.001434

0.499500
0.001338

0.501000
0.001221

0.406500
0.000722

0.000000
0.000000

0.000000
0.000000

0.000000
0.000000

0.000000
0.000000

0.000000
0.000000

0.000000
0.000000

0.104000
-0.000190

0.104000
-0.000392

0.000000
0.000000

0.030000
-0.000336

0.239000
-0.000437

0.336500
-0.000689

0.000000
0.000000

0.000000
0.000000

0.000000
0.000000

0.000000
0.000000

0.000000
0.000000

0.000000
0.000000

0.000000
0.000000

0.050500
-0.000566

0.223500
0.000118

0.442000
-0.000291

0.447500
-0.000095

0.083500
-0.000196

0.000000
0.000000

0.000000
0.000000

0.000000
0.000000

0.000000
0.000000

0.000000
0.000000

0.206000
0.000034

0.308500
0.000017

0.465500
0.000106

0.493000
-0.000034

0.507000
-0.000067

0.505000
-0.000112

0.498000
-0.000123

0.506000
-0.000067

0.511000
-0.000347

0.498000
-0.000235

0.504000
0.000224

0.503500
0.000398

0.499500
0.000868

0.490500
0.001271

0.494000
0.001366

0.508500
0.001428

0.498000
0.001445

0.514500
0.001428

0.499500
0.000834

0.511500
0.000745

0.507500
0.000756

0.497000
0.001165

0.498500
0.001058

0.508500
0.000375

0.499000
0.000078

0.498000
-0.000101

0.505000
-0.000616

0.498000
-0.000862

0.523000
-0.001299

0.484000
-0.000594

0.486500
-0.000398

0.497000
-0.000045

0.501000
0.000526

0.495500
0.000689

0.479500
0.001137

0.486000
0.001187

0.486000
0.001254

0.489000
0.001288

0.499000
0.001366

0.499500
0.001394

0.498000
0.001322

0.508500
0.001372

0.493500
0.001361

0.505500
0.001428

0.509000
0.001400

0.504500
0.000958

0.504500
0.000431

0.502500
0.000319

0.500500
0.000196

0.129500
-0.000890

0.000000
0.000000

0.031000
-0.000347

0.041500
-0.000465

-0.232500
-0.001215

-0.434500
-0.001350

-0.449000
-0.001400

-0.482000
-0.000986

-0.174000
-0.000627

0.000000
0.000000

0.000000
0.000000

0.188000
-0.000414

0.279500
-0.000577

0.503500
-0.001092

0.510000
-0.001411

0.426000
-0.001299

0.000000
0.000000

-0.089500
-0.000286

-0.280500
-0.000510

-0.088000
-0.000986

0.167500
-0.001305

0.285500
-0.001350

0.451000
-0.001355

0.506000
-0.001366

0.520000
-0.001467

0.506000
-0.001366

0.500000
-0.001333

0.509500
-0.001383

0.495000
-0.001378

0.505500
-0.001327

0.498500
-0.001383

0.490500
-0.000644

0.507500
0.000084

0.498000
0.000370

0.505500
0.000902

0.504500
0.001316

0.474500
0.001316

0.472000
0.001053

0.000000
0.000000

0.000000
0.000000

0.000000
0.000000

0.000000
0.000000

0.000000
0.000000

0.000000
0.000000

0.000000
0.000000

0.000000
0.000000

0.000000
0.000000

0.000000
0.000000

0.000000
0.000000

0.072500
0.000151

0.353500
-0.000230

0.502500
-0.000543

0.511500
-0.000745

0.115000
0.001288

0.000000
0.000000

0.001000
-0.000627

0.003000
-0.001154

0.003000
-0.001355

-0.020500
-0.001361

-0.004000
-0.001333

-0.005000
-0.001288

0.037500
-0.001305

0.154500
-0.001730

0.462000
-0.001366

0.510000
-0.001389

0.518500
-0.001327

0.494000
-0.001333

0.506500
-0.001383

0.506000
-0.001400

0.463500
-0.001350

-0.026000
-0.000291

0.000000
0.000000

0.000000
0.000000

0.000000
0.000000

-0.121000
-0.000168

-0.321000
-0.000560

-0.480000
-0.000426

-0.354000
-0.000515

-0.060500
-0.000678

0.064000
-0.001310

0.227000
-0.001478

0.478500
-0.001372

0.511000
-0.001075

0.497000
-0.001042

0.514500
-0.000151

0.502500
-0.000286

0.511500
-0.000252

0.491000
-0.000045

0.498500
-0.000129

0.498000
0.000123

0.485500
0.000084

0.508500
0.000577

0.506500
0.000196

0.501500
0.000722

0.395000
0.001512

0.102000
0.001142

0.023000
0.001109

0.115000
0.001288

0.280000
0.001344

0.464500
0.001327

0.508500
0.000286

0.510500
0.000162

0.500500
0.000263

0.505000
0.000246

0.503000
0.000246

0.504000
0.000258

0.502500
0.000644

0.504000
0.000784

0.502500
0.000902

0.511000
0.000907

0.493500
0.000902

0.502000
0.000874

0.498000
0.000750

0.509500
0.000666

0.498500
0.000655

0.504500
0.000722

0.483500
0.000700

0.026500
-0.000297

0.000000
0.000000

0.000000
0.000000

0.000000
0.000000

0.000000
0.000000

0.058000
-0.000056

0.117500
0.000084

0.364000
-0.000045

0.496500
0.000252

0.483500
0.000756

0.499000
0.001165

0.506000
0.001154

0.506000
0.001501

0.494000
0.001131

0.394500
0.000062

0.455500
0.000577

0.458500
0.000510

0.070500
-0.000218

0.064500
-0.000017

0.028000
0.000314

0.326500
0.000577

0.420000
0.000582

0.327000
-0.001254

0.000000
0.000000

0.000000
0.000000

0.000000
0.000000

0.000000
0.000000

0.000000
0.000000

0.000000
0.000000

0.000000
0.000000

0.000000
0.000000

0.000000
0.000000

0.000000
0.000000

0.300000
-0.000672

0.477500
-0.000991

0.501000
-0.000818

0.498000
-0.000056

0.505000
0.000112

0.496500
0.000454

0.470500
0.000902

0.213500
0.001271

0.097500
0.001092

0.367500
0.001406

0.499000
0.001400

0.510000
0.000762

0.509000
-0.000179

0.496500
-0.000409

0.496000
-0.000706

0.494500
-0.001282

0.523500
-0.001372

0.490500
-0.001260

0.502500
-0.001361

0.503500
-0.001383

0.504500
-0.001170

0.502000
-0.001232

0.499500
-0.001103

0.502000
-0.000538

0.498500
-0.000364

0.492000
0.000090

0.486000
0.000034

0.477000
-0.000034

0.489000
0.000134

0.495500
0.000230

0.501500
0.000622

0.517000
0.000650

0.492000
0.000918

0.308500
0.000935

0.000000
0.000000

0.000000
0.000000

-0.230000
0.000560

-0.449500
0.001092

-0.433000
0.001053

-0.094000
0.001053

-0.036500
-0.000409

0.097500
0.000532

0.299500
0.000666

0.373000
0.000504

0.257000
0.000683

0.034000
0.000381

0.270000
0.000403

0.475500
0.000902

0.364000
0.001590

0.248000
0.001221

0.266000
0.001322

0.265000
0.001366

0.049000
0.000549

0.000000
0.000000

0.000000
0.000000

0.133500
-0.000129

0.415000
0.000134

0.506500
-0.000129

0.488000
-0.000246

0.000000
0.000000

0.000000
0.000000

0.176000
0.000448

0.261500
-0.000017

0.397000
0.000280

0.476000
0.000773

0.499000
0.000941

0.491000
0.001098

0.498000
0.001411

0.405500
0.000778

-0.041000
0.000459

0.034000
0.000381

0.121500
-0.001361

0.330500
0.000062

0.511000
-0.000179

0.506000
-0.000034

0.493500
0.000409

0.508000
-0.000246

0.504500
-0.000398

0.501000
-0.000795

0.357500
0.000162

-0.056000
0.000627

0.000000
0.000000

-0.147500
0.000398

0.013000
0.000728

0.022500
0.001036

0.003500
0.001327

-0.011000
0.001355

-0.055500
0.001350

-0.097000
0.001086

-0.102500
0.001148

-0.100000
0.001120

-0.100000
0.001120

-0.101500
0.001137

-0.101000
0.001131

-0.102500
0.001148

-0.101500
0.001137

-0.097500
0.001092

-0.106000
0.001187

0.063000
0.001355

0.334500
0.001428

0.494500
0.001417

0.503000
0.001400

0.499000
0.001198

0.505000
0.000840

0.298000
0.000694

0.000000
0.000000

-0.037000
0.000414

0.000000
0.000000

0.000000
0.000000

0.042000
-0.000470

0.126500
-0.000342

0.229000
-0.000616

0.083000
0.000930

0.000000
0.000000

-0.028000
0.000314

0.104500
-0.000364

0.000000
0.000000

0.000000
0.000000

0.000000
0.000000

0.000000
0.000000

0.000000
0.000000

0.000000
0.000000

0.000000
0.000000

0.000000
0.000000

0.000000
0.000000

0.000000
0.000000

0.000000
0.000000

0.000000
0.000000

0.000000
0.000000

0.000000
0.000000

0.000000
0.000000

0.000000
0.000000

-0.029500
-0.000330

0.040500
-0.001271

0.000000
0.000000

0.000000
0.000000

0.000000
0.000000

-0.030500
-0.000342

0.000000
0.000000

0.000000
0.000000

-0.005000
-0.000728

0.000000
0.000000

0.207500
-0.000050

0.414000
0.000056

0.460000
-0.000336

0.497500
-0.000062

0.479000
-0.000638

0.481000
-0.000314

0.480500
-0.000487

0.508500
-0.000767

0.460500
-0.001002

0.493000
-0.001266

0.487500
-0.001495

0.447500
-0.001148

0.000000
0.000000

0.000000
0.000000

0.000000
0.000000

0.000000
0.000000

0.000000
0.000000

0.000000
0.000000

0.000000
0.000000

0.000000
0.000000

0.000000
0.000000

0.000000
0.000000

0.000000
0.000000

0.000000
0.000000

0.000000
0.000000

0.000000
0.000000

0.000000
0.000000

0.000000
0.000000

0.000000
0.000000

0.000000
0.000000

0.000000
0.000000

0.000000
0.000000

0.000000
0.000000

0.000000
0.000000

0.000000
0.000000

0.000000
0.000000

0.000000
0.000000

0.000000
0.000000

0.000000
0.000000

0.000000
0.000000

0.000000
0.000000

0.000000
0.000000

0.000000
0.000000

0.000000
0.000000

0.000000
0.000000

0.000000
0.000000

0.000000
0.000000

0.000000
0.000000

0.132000
-0.000470

0.235500
-0.000442

0.489000
-0.000896

0.296000
-0.000706

0.217500
0.000476

-0.026000
0.000291

0.068500
-0.000140

0.358500
-0.000745

0.451500
-0.000958

0.501000
-0.001210

0.495000
-0.001355

0.491500
-0.001282

0.501500
-0.001350

0.506000
-0.000213

0.493500
0.000207

0.510500
0.000756

0.499000
0.000907

0.513000
0.001322

0.505500
0.001394

0.499000
0.000941

0.502500
0.000319

0.495000
-0.000459

0.491000
-0.000571

0.502500
-0.000174

0.502500
-0.000375

0.511500
-0.000678

0.506000
-0.000560

0.492500
-0.000722

0.519000
-0.000235

0.502000
0.000515

0.503500
0.000823

0.537000
0.000560

0.498000
-0.000202

0.491500
-0.000431

0.499500
-0.000980

0.494000
-0.001366

0.495000
-0.001378

0.497000
-0.001366

0.511500
0.000185

0.475500
0.000274

0.501000
0.000202

0.480500
0.000431

0.504000
0.000325

0.498500
0.000588

0.489000
0.000952

0.527000
0.000918

0.492000
0.000851

0.267500
0.000644

0.000000
0.000000

0.000000
0.000000

-0.104000
0.000280

-0.199500
0.000465

-0.234000
0.000246

0.000000
0.000000

0.025000
0.000280

0.216000
0.000526

0.405500
0.000812

0.504000
0.001344

0.498500
0.001417

0.503000
0.001366

0.478500
0.001338

0.433000
0.001355

0.340500
0.001137

-0.038500
0.000431

-0.028000
-0.000314

0.000000
0.000000

0.000000
0.000000

0.000000
0.000000

0.000000
0.000000

0.025500
0.000286

0.071000
0.000795

0.095000
0.001064

0.100500
0.001126

0.025000
0.001310

0.183000
0.001456

0.378000
0.001086

0.514000
0.000090

0.509000
0.000101

0.505500
-0.000207

0.503000
-0.000246

0.504000
-0.000258

0.497000
-0.000213

0.498500
-0.000230

0.510500
-0.000263

0.504000
-0.000291

0.498500
-0.000230

0.504000
-0.000090

0.499000
-0.000706

0.501500
-0.001025

0.496500
-0.001137

0.492000
-0.001310

0.492000
-0.001322

0.499500
-0.001372

0.496500
-0.001327

0.497000
-0.001333

0.503500
-0.001383

0.508000
-0.001434

0.498000
-0.001422

0.497500
-0.001417

0.496500
-0.001361

0.494000
-0.001366

0.502500
-0.000274

0.493500
0.000185

0.505000
0.000571

0.499500
0.000633

0.504500
0.000095

0.498000
-0.000134

0.504000
-0.000661

0.501000
-0.000661

0.504000
-0.000627

0.521500
-0.000330

0.500500
0.000532

0.495500
0.000330

0.505000
0.000022

0.512000
0.000000

0.496500
-0.000185

0.505000
-0.000179

0.498500
-0.000095

0.495000
-0.000123

0.495500
-0.000162

0.512000
-0.000134

0.495000
-0.000291

0.495000
-0.000235

0.493500
-0.000241

0.501500
-0.000230

0.512500
-0.000196

0.499500
-0.000185

0.487500
-0.000308

0.504000
-0.000224

0.495500
-0.000263

0.499500
-0.000140

0.507500
0.000364

0.492000
0.000258

0.490500
0.000386

0.499000
0.000314

0.496500
0.000207

0.495000
0.000056

0.492000
0.000157

0.501500
0.000017

0.502000
0.000045

0.506000
0.000146

0.499500
0.000073

0.506500
0.000062

0.501000
0.000101

0.499500
0.000084

0.503500
0.000162

0.500500
-0.000006

0.495500
0.000129

0.499500
0.000050

0.491000
-0.000045

0.498000
0.000000

0.508000
-0.000011

0.503500
-0.000039

0.505500
0.000050

0.508000
-0.000011

0.485000
0.000045

0.501000
0.000056

0.507000
0.000202

0.488500
0.000577

0.494500
0.000857

0.492000
0.000829

0.491500
0.000790

0.498000
0.000829

0.507000
0.000930

0.500000
0.000907

0.496500
0.000868

0.496500
0.001260

0.492500
0.001350

0.480000
0.001378

0.391500
0.000543

0.000000
0.000000

-0.035000
-0.000392

0.000000
0.000000

0.000000
0.000000

0.000000
0.000000

0.000000
0.000000

0.000000
0.000000

0.000000
0.000000

0.000000
0.000000

0.000000
0.000000

0.000000
0.000000

0.000000
0.000000

0.000000
0.000000

0.000000
0.000000

0.000000
0.000000

0.000000
0.000000

0.000000
0.000000

0.000000
0.000000

0.000000
0.000000

0.000000
0.000000

0.000000
0.000000

0.000000
0.000000

0.000000
0.000000

0.000000
0.000000

0.000000
0.000000

0.000000
0.000000

0.000000
0.000000

0.000000
0.000000

0.000000
0.000000

0.000000
0.000000

0.000000
0.000000

0.000000
0.000000

0.000000
0.000000

0.000000
0.000000

0.000000
0.000000

0.000000
0.000000

0.000000
0.000000

0.000000
0.000000

0.000000
0.000000

0.000000
0.000000

0.000000
0.000000

0.000000
0.000000

0.000000
0.000000

0.000000
0.000000

0.000000
0.000000

0.000000
0.000000

0.000000
0.000000

0.000000
0.000000

0.000000
0.000000

0.000000
0.000000

0.000000
0.000000

0.000000
0.000000

0.000000
0.000000

0.000000
0.000000

0.000000
0.000000

0.000000
0.000000

0.000000
0.000000

0.000000
0.000000

0.000000
0.000000

0.000000
0.000000

0.000000
0.000000

0.000000
0.000000

0.000000
0.000000

0.000000
0.000000

0.000000
0.000000

0.000000
0.000000

0.000000
0.000000

0.000000
0.000000

0.000000
0.000000

0.000000
0.000000

