-0.155087
21.538493

-0.155087
21.538493

-0.155087
21.538493

-0.155087
21.538493

-0.155087
21.538493

-0.155087
21.538493

-0.155087
21.538493

-0.155087
21.538493

-0.155087
21.538493

-0.155087
21.538493

-0.155087
21.538493

-0.155087
21.538493

-0.155087
21.538493

-0.155087
21.538493

-0.155087
21.538493

-0.155087
21.538493

-0.155087
21.538493

-0.155087
21.538493

-0.155087
21.538493

-0.155087
21.538493

-0.155087
21.538493

-0.155087
21.538493

-0.155087
21.538493

-0.155087
21.538493

-0.155087
21.538493

-0.155087
21.538493

-0.155087
21.538493

-0.155087
21.538493

-0.155087
21.538493

-0.155087
21.538493

-0.155087
21.538493

-0.155087
21.538493

-0.155087
21.538493

-0.155088
21.538487

-0.155088
21.538487

-0.155088
21.538487

-0.155087
21.538497

-0.155087
21.538493

-0.155087
21.538493

-0.155087
21.538493

-0.155087
21.538493

-0.155087
21.538493

-0.155087
21.538493

-0.155087
21.538493

-0.155087
21.538497

-0.155088
21.538487

-0.155088
21.538482

-0.155091
21.538442

-0.155091
21.538442

-0.155091
21.538442

-0.155092
21.538437

-0.155091
21.538442

-0.155091
21.538442

-0.155090
21.538457

-0.155074
21.538662

-0.155022
21.539283

-0.154811
21.541445

-0.154092
21.547422

-0.152647
21.556526

-0.150410
21.564805

-0.145572
21.563873

-0.142086
21.548485

-0.138775
21.512675

-0.135857
21.456811

-0.133494
21.387114

-0.131759
21.306399

-0.130940
21.219594

-0.131073
21.133259

-0.132066
21.049918

-0.135309
20.924260

-0.138601
20.840490

-0.142664
20.759238

-0.144955
20.721555

-0.152858
20.621124

-0.159090
20.566085

-0.166193
20.533501

-0.173565
20.512305

-0.181251
20.496561

-0.192847
20.476101

-0.196723
20.470977

-0.204356
20.464662

-0.211805
20.466747

-0.219013
20.470404

-0.226368
20.475414

-0.230012
20.478298

-0.240251
20.484693

-0.246980
20.476846

-0.257518
20.469115

-0.264664
20.485138

-0.271666
20.518015

-0.278714
20.560155

-0.285887
20.605199

-0.293035
20.651110

-0.300283
20.698194

-0.307655
20.743268

-0.315190
20.782857

-0.322774
20.809466

-0.334143
20.809627

-0.341453
20.785834

-0.348589
20.739883

-0.355351
20.683391

-0.361620
20.617424

-0.367744
20.543197

-0.370764
20.505958

-0.379567
20.396577

-0.385320
20.325252

-0.393806
20.221458

-0.398985
20.152666

-0.403558
20.078467

-0.407133
19.997193

-0.409422
19.911277

-0.410389
19.824502

-0.409955
19.748275

-0.408547
19.693502

-0.406875
19.663702

-0.404872
19.653695

-0.403932
19.659902

-0.402893
19.675557

-0.401773
19.699955

-0.400569
19.742586

-0.399916
19.774381

-0.398518
19.852751

-0.396019
19.997180

-0.396019
19.997180

-0.391425
20.260252

-0.388729
20.412362

-0.386082
20.568539

-0.383234
20.817800

-0.383749
20.986359

-0.385009
21.065442

-0.388671
21.212613

-0.393147
21.345092

-0.398738
21.451304

-0.405005
21.539210

-0.412042
21.612809

-0.419400
21.677554

-0.429842
21.796610

-0.435533
21.907001

-0.440179
22.041092

-0.443616
22.186699

-0.445365
22.339885

-0.445678
22.499109

-0.444993
22.661064

-0.444058
22.822001

-0.444054
22.981491

-0.445717
23.131327

-0.450743
23.305607

-0.455280
23.385845

-0.459901
23.445177

-0.464339
23.493328

-0.468443
23.541221

-0.472004
23.599109

-0.474501
23.667398

-0.476034
23.748166

-0.476194
23.890033

-0.475027
23.988671

-0.472713
24.074750

-0.469559
24.143934

-0.465716
24.193293

-0.461194
24.217286

-0.456141
24.218266

-0.450661
24.211123

-0.444571
24.203980

-0.434696
24.200637

-0.427971
24.215759

-0.421204
24.240960

-0.414459
24.272785

-0.407997
24.305704

-0.402129
24.334257

-0.399474
24.345911

-0.394370
24.372722

-0.389614
24.402259

-0.382558
24.444274

-0.377854
24.486454

-0.373573
24.552133

-0.368870
24.695906

-0.367213
24.805663

-0.366796
24.922704

-0.367058
25.048742

-0.367322
25.114586

-0.367923
25.246997

-0.368634
25.378578

-0.369072
25.509090

-0.368886
25.640763

-0.367296
25.838069

-0.365019
25.958122

-0.361768
26.062653

-0.358158
26.154054

-0.352633
26.293848

-0.349462
26.399305

-0.347234
26.509350

-0.345732
26.630643

-0.345399
26.693876

-0.345150
26.812922

-0.345308
26.919867

-0.346045
27.015202

-0.347326
27.104608

-0.350744
27.205248

-0.353528
27.249375

-0.356415
27.279355

-0.359374
27.300167

-0.362273
27.316924

-0.365265
27.334302

-0.368282
27.349821

-0.371279
27.359706

-0.374142
27.367289

-0.377858
27.386559

-0.379965
27.407228

-0.381495
27.436808

-0.382459
27.465725

-0.383044
27.491274

-0.383274
27.506583

-0.383343
27.514711

-0.383350
27.516669

-0.383350
27.516669

-0.383349
27.516726

-0.383334
27.517092

-0.383310
27.517557

-0.383311
27.517544

-0.383315
27.517527

-0.383312
27.517521

-0.383290
27.517371

-0.383206
27.515907

-0.382829
27.504744

-0.382191
27.476291

-0.381431
27.413919

-0.381123
27.353374

-0.380762
27.281988

-0.380562
27.242556

-0.379880
27.113554

-0.378981
27.024893

-0.377885
26.935950

-0.376560
26.852098

-0.375798
26.804157

-0.373561
26.658753

-0.372232
26.543509

-0.371304
26.422385

-0.370754
26.291319

-0.370379
26.150965

-0.370222
26.003280

-0.370335
25.850488

-0.370395
25.697073

-0.370406
25.622096

-0.369856
25.389867

-0.368145
25.237099

-0.364079
25.017820

-0.360864
24.880917

-0.357742
24.741639

-0.355057
24.592816

-0.353393
24.435346

-0.352713
24.273263

-0.352967
24.103698

-0.354035
23.929001

-0.355823
23.755737

-0.358183
23.585366

-0.362066
23.324484

-0.364747
23.148596

-0.367316
22.970204

-0.368388
22.877804

-0.369546
22.594844

-0.369414
22.405685

-0.367807
22.222368

-0.365042
22.050025

-0.360803
21.895609

-0.351879
21.719121

-0.344949
21.653493

-0.337779
21.622494

-0.330353
21.601742

-0.322746
21.568902

-0.315088
21.507115

-0.307906
21.416759

-0.301203
21.306976

-0.297922
21.246167

-0.288688
21.053616

-0.279508
20.854941

-0.276340
20.785624

-0.266617
20.593327

-0.259093
20.476076

-0.250696
20.378113

-0.246292
20.343049

-0.232160
20.277788

-0.222355
20.255561

-0.217425
20.250352

-0.202611
20.271749

-0.192494
20.297927

-0.187480
20.312628

-0.172731
20.359318

-0.162837
20.392318

-0.152938
20.420870

-0.143367
20.447840

-0.133730
20.476961

-0.124303
20.506918

-0.110292
20.554453

-0.100598
20.588847

-0.090854
20.622741

-0.081211
20.656287

-0.076397
20.673790

-0.062435
20.732493

-0.053404
20.778892

-0.044535
20.830591

-0.035971
20.890248

-0.023838
20.994228

-0.016251
21.084273

-0.009236
21.192729

-0.003012
21.316339

0.002537
21.453371

0.007205
21.603399

0.010533
21.758336

0.012606
21.924077

0.013323
22.095216

0.011376
22.349706

0.008636
22.513415

0.007039
22.592494

0.001278
22.821896

-0.003007
22.976848

-0.007334
23.131605

-0.011502
23.282435

-0.015513
23.435502

-0.017295
23.513145

-0.021408
23.743775

-0.021408
23.743775

-0.021408
23.743775

-0.021408
23.743775

-0.021408
23.743775

-0.029360
24.556177

-0.025768
24.676979

-0.021683
24.787782

-0.017231
24.881565

-0.012599
24.955229

-0.007694
25.008916

-0.002650
25.037218

0.004843
25.056633

0.007177
25.047799

0.011468
25.020512

0.015079
24.980161

0.017949
24.930217

0.019148
24.903465

0.021932
24.820116

0.023037
24.764663

0.023541
24.714678

0.023571
24.678205

0.023440
24.658215

0.023330
24.652467

0.023309
24.652030

0.023175
24.650205

0.022906
24.648130

0.022454
24.648070

0.021642
24.652417

0.020191
24.669760

0.019240
24.685234

0.015661
24.754401

0.012801
24.807983

0.007706
24.888486

0.003450
24.926938

-0.001220
24.938386

-0.005882
24.928792

-0.010536
24.890851

-0.015073
24.835490

-0.019193
24.760756

-0.022994
24.665230

-0.026613
24.551078

-0.031762
24.356983

-0.034236
24.216701

-0.035681
24.061524

-0.036095
23.909778

-0.036095
23.909778

-0.033085
23.629666

-0.030481
23.488530

-0.027326
23.351674

-0.023681
23.212032

-0.017655
22.991344

-0.013427
22.841887

-0.009016
22.691951

-0.004326
22.544143

0.000764
22.403794

0.006010
22.274406

0.011573
22.145162

0.017261
22.015213

0.020099
21.951906

0.029200
21.772750

0.035976
21.675904

0.042927
21.596912

0.050170
21.532724

0.057938
21.488650

0.065523
21.461751

0.073076
21.457351

0.080666
21.485060

0.087659
21.548614

0.096571
21.695879

0.101891
21.815491

0.107077
21.945301

0.112180
22.075636

0.117238
22.211719

0.122203
22.354177

0.126803
22.502001

0.131142
22.653563

0.135530
22.810970

0.141988
23.051252

0.145759
23.217468

0.148704
23.401137

0.150958
23.592291

0.151697
23.689450

0.152338
23.982569

0.151806
24.181072

0.150474
24.372492

0.148277
24.563114

0.145140
24.751142

0.138679
25.009405

0.136288
25.093474

0.128971
25.346203

0.124102
25.512638

0.118964
25.680544

0.113636
25.853488

0.108327
26.028814

0.108327
26.028814

0.095185
26.477470

0.090026
26.659031

0.090026
26.659031

0.082386
26.933625

0.074854
27.211380

0.072345
27.305352

0.067361
27.496615

0.062585
27.686677

0.057926
27.875410

0.053421
28.066159

0.046853
28.349889

0.042322
28.550281

0.037862
28.756139

0.033476
28.963673

0.029125
29.173211

0.024891
29.379908

0.020742
29.584109

0.016577
29.791115

0.012515
29.997391

0.008561
30.202989

0.002621
30.518889

-0.001176
30.725218

-0.004924
30.933237

-0.008581
31.141958

-0.012044
31.348845

-0.015357
31.564995

-0.016995
31.673257

-0.021716
31.989934

-0.024851
32.203293

-0.029427
32.523155

-0.032412
32.735470

-0.035364
32.947000

-0.038210
33.152151

-0.040971
33.353789

-0.043677
33.552968

-0.046392
33.752019

-0.049229
33.949514

-0.052401
34.141847

-0.057818
34.393057

-0.062137
34.529016

-0.066317
34.661408

-0.068248
34.731342

-0.073312
34.957281

-0.074866
35.035537

-0.077349
35.204111

-0.079323
35.379767

-0.080716
35.562523

-0.081615
35.843533

-0.081844
36.028569

-0.082418
36.207844

-0.083521
36.380924

-0.085181
36.549911

-0.087530
36.709132

-0.090411
36.849819

-0.093656
36.978295

-0.096874
37.103481

-0.100991
37.302606

-0.102845
37.449262

-0.103655
37.600610

-0.103698
37.675412

-0.102743
37.884968

-0.100884
37.994693

-0.098319
38.072221

-0.095219
38.102442

-0.092206
38.102193

-0.089229
38.064251

-0.085025
37.955561

-0.082381
37.862216

-0.079893
37.746232

-0.077443
37.606318

-0.075010
37.446363

-0.072399
37.274231

-0.069892
37.111175

-0.067355
36.948039

-0.064569
36.770879

-0.060034
36.485671

-0.056875
36.289747

-0.053568
36.087451

-0.050193
35.883921

-0.046802
35.681835

-0.043253
35.473270

-0.039685
35.266396

-0.037890
35.163291

-0.034197
34.953664

-0.030472
34.745848

-0.024837
34.438107

-0.020898
34.229812

-0.017020
34.026821

-0.013089
33.823721

-0.009117
33.621366

-0.007077
33.518461

-0.000984
33.214745

0.003101
33.010495

0.008681
32.702425

0.012168
32.494668

0.015675
32.287126

0.019060
32.080369

0.022421
31.872144

0.025830
31.663277

0.029294
31.460700

0.033186
31.266401

0.037727
31.091613

0.045617
30.874031

0.051786
30.756180

0.058409
30.666650

0.065628
30.610551

0.073049
30.603271

0.080307
30.616659

0.087389
30.644234

0.094311
30.682934

0.100818
30.732656

0.107315
30.795088

0.116751
30.897795

0.122898
30.989478

0.129049
31.097262

0.135131
31.206639

0.138060
31.263601

0.146609
31.454131

0.151876
31.600977

0.156989
31.750176

0.164440
31.983119

0.166771
32.062288

0.171312
32.217869

0.175823
32.375207

0.180212
32.534565

0.184462
32.692909

0.188623
32.855751

0.192719
33.022315

0.196717
33.187557

0.200696
33.357254

0.206417
33.609793

0.210125
33.777133

0.213836
33.945950

0.217413
34.109479

0.220968
34.274151

0.224490
34.440124

0.227909
34.603381

0.231292
34.767825

0.232963
34.850775

0.232963
34.850775

0.232963
34.850775

0.244803
35.532329

0.247584
35.701587

0.250136
35.872808

0.252477
36.048729

0.254564
36.220534

0.256537
36.390052

0.258339
36.561240

0.259578
36.733981

0.260671
36.995154

0.261218
37.161459

0.261745
37.323808

0.262265
37.483837

0.262792
37.641881

0.263396
37.796249

0.264269
37.945572

0.265362
38.095128

0.266747
38.240919

0.269329
38.449971

0.271226
38.589217

0.272169
38.658170

0.274295
38.788789

0.276700
38.909644

0.279473
39.028265

0.282621
39.141120

0.286152
39.242721

0.291831
39.380175

0.295796
39.463101

0.299918
39.531678

0.304260
39.588722

0.306572
39.609865

0.313731
39.646471

0.318597
39.668413

0.323445
39.689639

0.328269
39.708821

0.330704
39.717649

0.340787
39.727632

0.345877
39.720307

0.350972
39.703642

0.355838
39.681706

0.360690
39.653711

0.365704
39.615613

0.368130
39.594504

0.375493
39.526138

0.380474
39.480616

0.385454
39.436034

0.392985
39.370423

0.395530
39.348537

0.403002
39.284268

0.408057
39.241416

0.413073
39.199460

0.418110
39.158098

0.423275
39.116542

0.428351
39.072899

0.433346
39.021055

0.438434
38.969288

0.446100
38.893482

0.451319
38.843671

0.453943
38.818897

0.459122
38.770270

0.464215
38.723445

0.469350
38.677436

0.474470
38.633529

0.479527
38.591764

0.484655
38.556099

0.492455
38.514626

0.497842
38.488108

0.503360
38.466377

0.508879
38.456380

0.514492
38.450543

0.520153
38.445781

0.525808
38.442062

0.531512
38.439573

0.540051
38.438182

0.545661
38.438787

0.551269
38.440530

0.556929
38.443186

0.562557
38.445381

0.568249
38.448018

0.573864
38.451740

0.579485
38.456511

0.585227
38.461616

0.593938
38.460419

0.599759
38.453691

0.605717
38.447857

0.611598
38.441822

0.617466
38.437178

0.623514
38.433685

0.629578
38.431480

0.635700
38.428148

0.641890
38.424708

0.650940
38.423740

0.656857
38.427756

0.662753
38.443527

0.665693
38.453105

0.674685
38.484965

0.677671
38.496290

0.683746
38.520293

0.689775
38.545671

0.695728
38.572398

0.704802
38.615538

0.710908
38.646266

0.717009
38.678365

0.723004
38.711320

0.729160
38.746377

0.735223
38.778102

0.741296
38.803227

0.747457
38.828973

0.753575
38.854941

0.762833
38.895370

0.769028
38.917018

0.775189
38.934189

0.781355
38.953094

0.787454
38.973224

0.793522
38.995352

0.799622
39.020700

0.802665
39.034282

0.811653
39.077810

0.820759
39.127032

0.826769
39.166319

0.832729
39.210817

0.838699
39.257256

0.844633
39.305746

0.850643
39.358873

0.856551
39.417951

0.862282
39.478308

0.868074
39.540707

0.873807
39.603712

0.882474
39.701509

0.888265
39.769345

0.893769
39.835419

0.899256
39.902181

0.904795
39.967893

0.910415
40.016006

0.913225
40.038810

0.918818
40.071728

0.924277
40.079113

0.932099
40.041096

0.936904
39.973638

0.941171
39.866918

0.945136
39.741297

0.948646
39.592745

0.951682
39.425057

0.954228
39.238591

0.956275
39.040675

0.958133
38.837885

0.960206
38.524673

0.960874
38.310577

0.961024
38.089838

0.960868
37.977826

0.959451
37.650444

0.957902
37.434359

0.955827
37.226286

0.953197
37.029129

0.951674
36.934174

0.943867
36.587690

0.939366
36.423609

0.934698
36.271956

0.929950
36.124919

0.925075
35.972866

0.920161
35.819487

0.917723
35.741224

0.911099
35.471209

0.906949
35.279823

0.901710
34.966265

0.898936
34.743924

0.897228
34.513884

0.896338
34.271785

0.896531
34.028687

0.897010
33.909520

0.899382
33.552123

0.901096
33.314270

0.902092
33.195404

0.905218
32.840142

0.907593
32.610033

0.910180
32.378731

0.912826
32.148122

0.915490
31.918703

0.918277
31.686070

0.921197
31.457006

0.924218
31.231795

0.927319
31.005129

0.932082
30.664167

0.935351
30.437426

0.938865
30.212863

0.942518
29.993779

0.946156
29.771380

0.949364
29.541204

0.951907
29.309206

0.954215
29.067690

0.956338
28.831448

0.959355
28.469911

0.961116
28.226343

0.962519
27.982169

0.964066
27.735770

0.966074
27.497538

0.968469
27.259010

0.970983
27.019117

0.972254
26.900421

0.976330
26.547558

0.980804
26.199758

0.983989
25.970888

0.987648
25.745082

0.991615
25.523883

0.996370
25.310887

1.001821
25.112309

1.007789
24.923463

1.014162
24.743484

1.020648
24.575114

1.027877
24.423658

1.035935
24.296316

1.044139
24.195789

1.052626
24.115763

1.061249
24.059176

1.069817
24.014431

1.078691
23.986514

1.087844
23.978217

1.097046
23.994057

1.106060
24.027563

1.118483
24.092575

1.126105
24.145698

1.129659
24.172772

1.136153
24.237286

1.144943
24.339641

1.150246
24.407755

1.155009
24.477003

1.159208
24.550464

1.163182
24.628482

1.167170
24.706731

1.173392
24.828454

1.177761
24.910865

1.182314
24.997723

1.186938
25.087128

1.191636
25.179606

1.196436
25.278635

1.201328
25.381343

1.206225
25.491360

1.210957
25.612175

1.215467
25.739057

1.219919
25.879242

1.226505
26.098796

1.228727
26.174713

1.228727
26.174713

1.228727
26.174713

1.228727
26.174713

1.228727
26.174713

1.228727
26.174713

1.260566
27.226354

1.268448
27.289398

1.276769
27.320067

1.289746
27.328288

1.298422
27.319833

1.307256
27.312030

1.316143
27.300244

1.324929
27.286356

1.333725
27.273258

1.342412
27.264038

1.351211
27.261702

1.360145
27.273012

1.373296
27.311792

1.381878
27.363991

1.389817
27.446781

1.393585
27.491124

1.403142
27.674595

1.405925
27.740193

1.411365
27.860022

1.416858
27.955621

1.422624
28.011851

1.428671
28.032042

1.438057
27.999494

1.438057
27.999494

1.451176
27.828510

1.458407
27.728192

1.466123
27.626738

1.474448
27.534258

1.482813
27.450838

1.491330
27.371491

1.500154
27.303334

1.513511
27.219322

1.518034
27.192473

1.518034
27.192473

1.518034
27.192473

1.549612
27.042899

1.558748
27.011048

1.567948
26.982702

1.577293
26.956239

1.586593
26.932422

1.600716
26.902739

1.610134
26.889669

1.619530
26.879652

1.628987
26.872092

1.638276
26.866975

1.647629
26.864329

1.656946
26.864199

1.666281
26.866884

1.675696
26.871967

1.689539
26.884694

1.698881
26.897638

1.708166
26.913370

1.717316
26.931057

1.726559
26.949883

1.731198
26.959945

1.740393
26.973173

1.749559
26.985485

1.758591
26.999525

1.772131
27.019226

1.781179
27.030644

1.790057
27.039998

1.799125
27.049215

1.807992
27.065176

1.816650
27.102661

1.825031
27.176668

1.832474
27.277154

1.838965
27.399099

1.848275
27.580752

1.854961
27.673031

1.862045
27.741887

1.869230
27.780280

1.876331
27.790048

1.882967
27.761238

1.888993
27.689540

1.893894
27.577890

1.897100
27.438300

1.898439
27.284900

1.897310
27.065403

1.894815
26.935974

1.891069
26.830120

1.886365
26.747013

1.881043
26.679111

1.875415
26.614955

1.869268
26.551719

1.862527
26.487613

1.855231
26.428111

1.843339
26.365700

1.834679
26.333116

1.825581
26.298167

1.816387
26.264662

1.807030
26.231732

1.797670
26.200263

1.788267
26.167483

1.778935
26.119923

1.774318
26.094752

1.760508
25.996941

1.751558
25.916359

1.742556
25.832564

1.738126
25.790854

1.724938
25.657852

1.716045
25.559474

1.707025
25.461408

1.698072
25.366700

1.689050
25.273881

1.675366
25.135014

1.666216
25.045002

1.656925
24.956782

1.647602
24.872306

1.638111
24.790119

1.628566
24.710218

1.619043
24.632726

1.609409
24.556917

1.599742
24.484022

1.585154
24.380041

1.575247
24.312391

1.565401
24.248336

1.555560
24.187463

1.545544
24.130430

1.535491
24.081272

1.525248
24.042070

1.514935
24.006070

1.504710
23.973208

1.489264
23.928121

1.478892
23.900883

1.468658
23.876354

1.458285
23.850349

1.447896
23.819669

1.437651
23.779459

1.427340
23.736407

1.417080
23.692190

1.406880
23.644306

1.391472
23.570722

1.381277
23.519668

1.376127
23.492655

1.365751
23.436333

1.355617
23.380396

1.345376
23.322050

1.335065
23.260630

1.324941
23.197220

1.314550
23.133530

1.304118
23.073330

1.288567
22.990037

1.278005
22.938244

1.267379
22.894520

1.256754
22.859703

1.245958
22.828714

1.235290
22.808266

1.224646
22.807061

1.213840
22.820448

1.203303
22.854764

1.192911
22.915645

1.178064
23.051337

1.169090
23.171307

1.161129
23.310309

1.153365
23.458642

1.145800
23.607668

1.138702
23.766553

1.132061
23.917298

1.124916
24.037761

1.117571
24.133239

1.106381
24.220493

1.098807
24.256483

1.091315
24.261248

1.083883
24.222199

1.076462
24.167479

1.069584
24.076692

1.063116
23.959988

1.059931
23.895171

1.047286
23.609468

1.040446
23.451711

1.033581
23.291597

1.026506
23.130082

1.019257
22.968811

1.015359
22.893533

1.007216
22.758777

0.998317
22.647042

0.988955
22.570762

0.979256
22.537304

0.964798
22.545630

0.956069
22.620338

0.948233
22.716806

0.941902
22.838305

0.935909
22.962170

0.929445
23.074109

0.922142
23.167048

0.914080
23.229067

0.905908
23.266785

0.893382
23.261208

0.884710
23.237897

0.875872
23.215165

0.866810
23.205424

0.857582
23.231303

0.848934
23.300872

0.840686
23.405076

0.833174
23.539754

0.826187
23.691163

0.815708
23.928636

0.809423
24.098729

0.804637
24.294308

0.801643
24.509516

0.800045
24.724605

0.800681
24.931598

0.803032
25.117955

0.806525
25.282531

0.809991
25.441865

0.813077
25.609470

0.816353
25.886892

0.817917
26.079824

0.818749
26.281527

0.819086
26.382264

0.819371
26.591229

0.819210
26.804705

0.818868
26.916915

0.816929
27.255776

0.813808
27.600370

0.811124
27.830310

0.807926
28.054937

0.804141
28.276739

0.799909
28.488860

0.795266
28.697196

0.790412
28.900245

0.787979
29.000287

0.779576
29.278784

0.773344
29.442321

0.763253
29.660925

0.756398
29.804432

0.749493
29.940439

0.742105
30.056035

0.734530
30.153327

0.726796
30.232237

0.718972
30.296668

0.711079
30.340055

0.703012
30.366094

0.690810
30.382289

0.682726
30.385895

0.674579
30.392775

0.666437
30.402620

0.658333
30.415581

0.650228
30.430803

0.642131
30.445734

0.634003
30.458278

0.625867
30.472693

0.613748
30.497871

0.605575
30.516300

0.597610
30.535471

0.589527
30.556812

0.581481
30.580349

0.573531
30.605806

0.565572
30.633416

0.561582
30.648179

0.549729
30.695487

0.541940
30.737852

0.534359
30.801112

0.526836
30.868042

0.519317
30.936961

0.512131
31.032196

0.505396
31.159053

0.499322
31.314567

0.494227
31.495536

0.490007
31.697852

0.486776
31.914591

0.483300
32.263847

0.481820
32.504781

0.480789
32.747317

0.480051
32.991902

0.479493
33.234476

0.479025
33.478541

0.478564
33.724730

0.478062
33.965479

0.477242
34.206836

0.475865
34.447873

0.473416
34.800054

0.471233
35.028314

0.468577
35.248842

0.465952
35.468705

0.464632
35.578847

0.460941
35.894245

0.458523
36.104338

0.456161
36.316129

0.454042
36.521822

0.451208
36.826303

0.449670
37.028742

0.448851
37.232272

0.449130
37.437589

0.450496
37.628849

0.452373
37.800930

0.454646
37.963408

0.456988
38.120422

0.460074
38.364145

0.461403
38.533329

0.461947
38.703412

0.462009
38.874349

0.461625
38.956594

0.459290
39.088571

0.454567
39.221551

0.452881
39.252505

0.451126
39.265537

0.445593
39.250890

0.441692
39.216680

0.439808
39.194871

0.433631
39.110429

0.427151
39.023400

0.422668
38.962811

0.418037
38.897501

0.413400
38.822286

0.411063
38.781949

0.403767
38.659585

0.398734
38.581256

0.390746
38.478225

0.385243
38.413266

0.379773
38.357177

0.374136
38.318519

0.371300
38.308394

0.362984
38.317389

0.357703
38.349957

0.352706
38.409390

0.348159
38.506055

0.344156
38.639238

0.339876
38.896780

0.337611
39.082714

0.335658
39.280487

0.333934
39.483433

0.332299
39.694601

0.330670
39.907466

0.329040
40.118255

0.327339
40.328602

0.324407
40.632863

0.322463
40.832609

0.320580
41.026781

0.318749
41.218139

0.316941
41.410542

0.315172
41.596680

0.313455
41.776502

0.311736
41.955243

0.310839
42.044411

0.308197
42.304125

0.306251
42.473274

0.304190
42.638113

0.302148
42.799193

0.300031
42.955702

0.297735
43.108115

0.296580
43.180509

0.293177
43.389409

0.291045
43.522151

0.290030
43.586249

0.287416
43.850325

0.286098
43.964829

0.284413
44.057538

0.282471
44.128364

0.280451
44.174303

0.278342
44.195173

0.276395
44.194280

0.274823
44.176293

0.273683
44.145197

0.272777
44.083183

0.272642
44.037045

0.272810
43.987350

0.273206
43.941546

0.273866
43.899639

0.274921
43.858418

0.276463
43.818151

0.278407
43.779080

0.280656
43.733217

0.284440
43.634929

0.286972
43.539795

0.289251
43.423628

0.291139
43.286170

0.292752
43.126047

0.294180
42.956015

0.295250
42.772854

0.295835
42.576341

0.295969
42.475445

0.294427
42.074319

0.293247
41.874209

0.292054
41.785753

0.288444
41.642270

0.284169
41.526825

0.279531
41.435899

0.274625
41.355484

0.269485
41.287021

0.264275
41.224268

0.258950
41.169074

0.250921
41.104495

0.245669
41.064110

0.240480
41.023734

0.235480
40.982572

0.230472
40.945055

0.228027
40.927650

0.221077
40.862869

0.216583
40.801299

0.212386
40.710018

0.208835
40.592749

0.204656
40.365393

0.202514
40.197651

0.200952
40.013664

0.199931
39.815793

0.199200
39.608286

0.198445
39.393198

0.197515
39.176234

0.196496
38.955546

0.195027
38.609099

0.194189
38.379588

0.193713
38.147625

0.193681
37.912239

0.194214
37.676863

0.195257
37.440198

0.197305
37.214997

0.200328
37.010999

0.204067
36.819658

0.208247
36.643765

0.215434
36.407549

0.220761
36.275496

0.223435
36.213434

0.232230
36.059976

0.235205
36.009396

0.244088
35.864969

0.247088
35.818206

0.253295
35.743053

0.259634
35.691586

0.266096
35.663349

0.275887
35.644117

0.282604
35.649188

0.289357
35.670870

0.292639
35.688290

0.302475
35.761751

0.308980
35.817448

0.315288
35.880917

0.321575
35.956268

0.327766
36.040881

0.336731
36.171546

0.342652
36.255041

0.348484
36.316314

0.351397
36.337566

0.359839
36.342405

0.364788
36.301092

0.369159
36.221081

0.372438
36.105250

0.374323
35.965673

0.375061
35.741595

0.373894
35.600176

0.371595
35.474925

0.368191
35.370441

0.363877
35.289179

0.358804
35.219477

0.353362
35.156797

0.347618
35.097502

0.341522
35.043604

0.331599
34.976471

0.324691
34.936981

0.317796
34.900150

0.310892
34.870384

0.303943
34.845861

0.296866
34.827300

0.289773
34.815986

0.286205
34.811546

0.279123
34.806984

0.268590
34.817434

0.261554
34.834801

0.254541
34.858744

0.247536
34.890573

0.240455
34.925270

0.233505
34.961694

0.226555
35.000278

0.219587
35.041796

0.212809
35.096158

0.202661
35.188553

0.195929
35.245641

0.189181
35.295382

0.182236
35.323280

0.175399
35.336191

0.168544
35.333560

0.161565
35.307928

0.154749
35.260956

0.147939
35.208620

0.141052
35.157469

0.130728
35.083544

0.123807
35.036028

0.117010
34.991060

0.110044
34.946590

0.102994
34.903940

0.096336
34.862765

0.089557
34.815959

0.082545
34.770197

0.075627
34.731539

0.065100
34.708543

0.058165
34.731574

0.051444
34.780594

0.044923
34.856255

0.044923
34.856255

0.044923
34.856255

0.044923
34.856255

0.022090
35.295849

0.019287
35.350571

0.010523
35.456019

0.004590
35.488616

-0.001490
35.477660

-0.007232
35.434069

-0.012701
35.358041

-0.017845
35.251337

-0.022588
35.133047

-0.027431
35.012103

-0.032819
34.899403

-0.041646
34.790598

-0.044723
34.766285

-0.053839
34.706752

-0.059499
34.668992

-0.065068
34.620308

-0.070514
34.550681

-0.073012
34.508450

-0.079751
34.332551

-0.083345
34.189325

-0.086395
34.038040

-0.091135
33.822945

-0.094658
33.696130

-0.098752
33.590343

-0.103101
33.498068

-0.105490
33.451903

-0.112823
33.330752

-0.118021
33.261405

-0.123485
33.201998

-0.128940
33.155161

-0.137415
33.101907

-0.143260
33.068372

-0.149215
33.040497

-0.155313
33.026909

-0.161455
33.027627

-0.167508
33.045205

-0.173508
33.077955

-0.179306
33.121470

-0.184821
33.176954

-0.190058
33.254706

-0.196649
33.422004

-0.200121
33.560507

-0.201734
33.631235

-0.203875
33.787674

-0.205593
33.952571

-0.206934
34.123284

-0.208019
34.296287

-0.208770
34.467681

-0.209266
34.641710

-0.209186
34.895645

-0.208435
35.056383

-0.206927
35.200998

-0.204690
35.324277

-0.201686
35.428477

-0.198031
35.495641

-0.198031
35.495641

-0.190228
35.560138

-0.186229
35.545013

-0.180540
35.459556

-0.176961
35.372912

-0.174096
35.252499

-0.171984
35.118551

-0.170403
34.973805

-0.169399
34.817728

-0.168795
34.652415

-0.168305
34.474865

-0.167691
34.284686

-0.166064
33.995085

-0.165220
33.901729

-0.161760
33.619452

-0.159149
33.431999

-0.156381
33.242797

-0.153280
33.052828

-0.150033
32.864166

-0.146723
32.674054

-0.141687
32.384837

-0.138729
32.189022

-0.136310
31.988828

-0.133988
31.785111

-0.131409
31.586728

-0.129928
31.491490

-0.126579
31.304212

-0.122950
31.126968

-0.119272
30.953611

-0.115513
30.778655

-0.111786
30.603116

-0.106618
30.333641

-0.103734
30.154466

-0.101535
29.979661

-0.099976
29.802995

-0.099107
29.628690

-0.098925
29.462632

-0.099316
29.304522

-0.100286
29.156426

-0.101724
29.019749

-0.105071
28.835005

-0.106330
28.776493

-0.110008
28.599022

-0.112452
28.482525

-0.114328
28.359633

-0.115874
28.235837

-0.117109
28.112139

-0.118074
27.986589

-0.118794
27.859276

-0.119395
27.661978

-0.119529
27.525675

-0.119522
27.383314

-0.119335
27.235295

-0.119049
27.083049

-0.118624
26.926793

-0.117878
26.768869

-0.116711
26.610458

-0.115176
26.451054

-0.112311
26.204969

-0.110100
26.041875

-0.107487
25.876846

-0.104438
25.716955

-0.101071
25.562809

-0.099140
25.489948

-0.094862
25.345424

-0.090420
25.202269

-0.085813
25.070061

-0.077489
24.899899

-0.071138
24.817086

-0.064325
24.755269

-0.057065
24.705376

-0.049711
24.658709

-0.042431
24.616851

-0.034854
24.584817

-0.026990
24.551299

-0.023107
24.531110

-0.011242
24.455978

0.000189
24.341363

0.007274
24.238900

0.010714
24.180511

0.017395
24.058061

0.026227
23.856307

0.031185
23.706819

0.034588
23.546881

0.036773
23.385166

0.036734
23.142611

0.035048
22.992972

0.032605
22.855927

0.030129
22.720446

0.028188
22.584205

0.026739
22.443543

0.025885
22.296010

0.025858
22.146973

0.026992
21.993813

0.030507
21.762459

0.033750
21.616560

0.037884
21.478254

0.042836
21.352630

0.048328
21.236947

0.054097
21.133558

0.059883
21.035055

0.065978
20.935400

0.068957
20.887697

0.078537
20.738924

0.085238
20.634296

0.091991
20.521201

0.098509
20.386818

0.104352
20.235312

0.109290
20.065901

0.113306
19.878452

0.117133
19.678643

0.120552
19.472122

0.123569
19.257500

0.125973
19.038391

0.129367
18.698208

0.132099
18.466933

0.135326
18.237487

0.139022
18.007170

0.142997
17.777224

0.147400
17.550732

0.152109
17.324011

0.154547
17.210004

0.161851
16.870718

0.169386
16.529741

0.173422
16.296958

0.176590
16.061398

0.179409
15.822135

0.181430
15.584613

0.182597
15.344487

0.183556
15.101054

0.184466
14.859732

0.186359
14.495300

0.188586
14.258689

0.191668
14.021545

0.195173
13.782474

0.199104
13.545955

0.203899
13.312718

0.209852
13.085753

0.217286
12.869189

0.227057
12.665119

0.238682
12.475864

0.261645
12.260886

0.279826
12.168421

0.299200
12.115452

0.309136
12.094196

0.339380
12.057108

0.349502
12.049379

0.359734
12.044965

0.400224
12.068753

0.420409
12.100877

0.430537
12.118881

0.450364
12.158017

0.480164
12.229271

0.499654
12.289312

0.518803
12.356322

0.537853
12.428298

0.556403
12.502649

0.565628
12.541999

0.584123
12.626040

0.610991
12.760724

0.628433
12.862446

0.653959
13.024941

0.670406
13.141627

0.686221
13.270428

0.700880
13.411087

0.714328
13.574755

0.726343
13.757157

0.736418
13.955807

0.744827
14.168376

0.752783
14.511147

0.755334
14.748574

0.755133
14.989365

0.753200
15.229898

0.749817
15.471217

0.745133
15.708296

0.740042
15.939347

0.734863
16.172711

0.729847
16.404436

0.722392
16.756778

0.717513
16.991858

0.712758
17.225862

0.708157
17.459133

0.703769
17.690675

0.699449
17.925413

0.695093
18.161461

0.690885
18.394904

0.686755
18.630565

0.682733
18.866146

0.678868
19.098761

0.675032
19.334821

0.671262
19.570376

0.667603
19.803283

0.663960
20.039713

0.660433
20.274082

0.656931
20.509421

0.653391
20.743828

0.649845
20.973900

0.644453
21.325081

0.640967
21.557064

0.639255
21.671266

0.633922
22.017522

0.630319
22.245748

0.626706
22.471579

0.623039
22.698737

0.619492
22.922703

0.615982
23.147610

0.610726
23.484395

0.607386
23.702358

0.604126
23.924090

0.601494
24.147203

0.599757
24.372164

0.599148
24.486493

0.598700
24.828268

0.599087
25.051531

0.600355
25.272399

0.602149
25.486872

0.605152
25.799324

0.607552
25.989839

0.610505
26.159352

0.613824
26.311739

0.617525
26.439637

0.621595
26.541501

0.625890
26.624220

0.630116
26.696088

0.634312
26.761421

0.640776
26.863599

0.645123
26.929118

0.649266
26.987605

0.651239
27.015911

0.654952
27.067785

0.656664
27.089399

0.656664
27.089399

0.656664
27.089399

0.656664
27.089399

0.656664
27.089399

0.672461
27.270607

0.673737
27.211860

0.674331
27.145958

0.674121
27.076375

0.672696
27.013897

0.670710
26.953582

0.667788
26.900630

0.664174
26.849492

0.659967
26.800894

0.652621
26.716841

0.646801
26.650037

0.640559
26.577428

0.634362
26.477591

0.628216
26.356937

0.622639
26.215655

0.620350
26.129161

0.620350
26.129161

0.620350
26.129161

0.615291
25.246946

0.615388
25.004945

0.616513
24.762040

0.617284
24.640970

0.620351
24.279485

0.622628
24.037047

0.625064
23.794955

0.627677
23.553856

0.630520
23.311227

0.634841
22.948526

0.637798
22.706608

0.640776
22.465910

0.643803
22.223862

0.646872
21.983443

0.649992
21.744464

0.651546
21.624555

0.654704
21.383825

0.656297
21.262364

0.661157
20.902447

0.666275
20.543512

0.669731
20.302856

0.673080
20.063989

0.676551
19.824612

0.680098
19.586340

0.683768
19.347452

0.687561
19.109996

0.691474
18.873552

0.695482
18.638153

0.701795
18.284774

0.706282
18.051635

0.710984
17.813939

0.715673
17.579887

0.720522
17.345688

0.725510
17.113550

0.730613
16.882266

0.735872
16.650303

0.740922
16.419240

0.748094
16.068934

0.752770
15.831103

0.756801
15.590291

0.759893
15.346180

0.761766
15.097878

0.762111
14.852432

0.761040
14.604179

0.759218
14.354778

0.757132
14.113380

0.753900
13.741621

0.751727
13.496827

0.750082
13.248221

0.749489
13.004218

0.750224
12.760341

0.752051
12.512373

0.754524
12.270238

0.757642
12.027979

0.759363
11.906077

0.767218
11.552104

0.773712
11.319715

0.781532
11.089297

0.790239
10.864235

0.799275
10.637428

0.807489
10.410653

0.810857
10.295899

0.816511
9.934102

0.816378
9.694028

0.813633
9.453715

0.808473
9.094076

0.805167
8.858392

0.802938
8.618992

0.802140
8.383852

0.802398
8.265982

0.806925
7.916473

0.814793
7.696628

0.826638
7.478238

0.841864
7.268450

0.871690
6.982295

0.896407
6.816586

0.924460
6.680362

0.955797
6.567404

0.989094
6.468842

1.024344
6.386732

1.061641
6.328325

1.099796
6.298974

1.138426
6.289617

1.195774
6.302277

1.234313
6.323195

1.253624
6.337327

1.310038
6.392548

1.347521
6.441062

1.383700
6.497120

1.419788
6.544790

1.456181
6.588937

1.492408
6.629190

1.546877
6.678208

1.564943
6.688286

1.618545
6.697428

1.654689
6.676782

1.672628
6.665874

1.708211
6.646230

1.744188
6.613584

1.779405
6.550987

1.812585
6.455235

1.844633
6.332509

1.887631
6.118073

1.913772
5.955233

1.936661
5.776636

1.957664
5.589550

1.975017
5.390365

1.990002
5.215447

2.005187
5.063094

2.022009
4.937237

2.040734
4.836974

2.061852
4.768012

2.093502
4.709128

2.115206
4.723184

2.133999
4.762994

2.147549
4.829122

2.156708
4.911028

2.158552
5.010202

2.156032
5.118442

2.150828
5.237708

2.144006
5.376506

2.130459
5.592407

2.117819
5.737450

2.101858
5.872132

2.084288
5.998452

2.066665
6.130281

2.049265
6.269321

2.032254
6.413159

2.017321
6.563566

2.006794
6.710029

1.992832
6.890482

1.980318
6.978469

1.964158
7.031325

1.945673
7.047931

1.935921
7.053157

1.915855
7.047064

1.895951
7.046294

1.875374
7.053677

1.854202
7.065790

1.821969
7.092170

1.798515
7.121442

1.774610
7.178086

1.751321
7.254932

1.729094
7.353682

1.709401
7.474809

1.693310
7.619197

1.680828
7.791107

1.673362
7.984595

1.670138
8.297581

1.669700
8.515823

1.670715
8.739208

1.673838
8.961669

1.678397
9.180793

1.683737
9.405264

1.688894
9.633514

1.694546
9.859637

1.701157
10.088226

1.714897
10.408838

1.725876
10.602639

1.737626
10.777830

1.749752
10.937348

1.761705
11.087302

1.773385
11.225213

1.786039
11.340765

1.799423
11.456042

1.812755
11.577233

1.832130
11.757556

1.846001
11.861881

1.860410
11.942785

1.875197
12.010627

1.889816
12.077585

1.903592
12.149024

1.916585
12.227371

1.922620
12.274597

1.932920
12.376358

1.943343
12.552001

1.946531
12.674580

1.947146
12.785484

1.945690
12.873762

1.943161
12.931110

1.940481
12.961748

1.938315
12.972512

1.937604
12.973096

1.936331
12.967221

1.935092
12.955374

1.932662
12.915817

1.930601
12.869305

1.927812
12.805968

1.924104
12.723316

1.919572
12.625208

1.913957
12.518795

1.907451
12.416825

1.903801
12.367505

1.891074
12.219717

1.875588
12.083427

1.864565
11.994827

1.852851
11.904303

1.841168
11.812024

1.830215
11.711292

1.819403
11.604919

1.809307
11.506976

1.800095
11.411632

1.790223
11.317980

1.779593
11.231952

1.762557
11.104101

1.756579
11.066077

1.738579
10.969680

1.726575
10.942441

1.715077
10.930666

1.704830
10.920026

1.695859
10.900392

1.688207
10.868530

1.682038
10.824819

1.675384
10.746417

1.672599
10.688082

1.671208
10.631911

1.671023
10.572820

1.671599
10.536749

1.672957
10.450784

1.674418
10.348299

1.675105
10.293554

1.676836
10.117326

1.677672
9.989538

1.678947
9.774161

1.679857
9.614808

1.680817
9.446865

1.681728
9.270622

1.682637
9.078785

1.683066
8.872341

1.682985
8.658433

1.682899
8.430064

1.682809
8.189366

1.682639
7.823489

1.682326
7.576274

1.681273
7.328611

1.678966
7.081543

1.675469
6.833420

1.671292
6.592207

1.665053
6.349873

1.656625
6.107633

1.645760
5.873979

1.625781
5.523152

1.610838
5.295737

1.593606
5.065083

1.574270
4.838047

1.553385
4.616577

1.530229
4.392380

1.505811
4.173117

1.480361
3.956161

1.452555
3.735200

1.408785
3.409342

1.377593
3.190572

1.349869
2.964038

1.328857
2.733291

1.311866
2.499935

1.301360
2.264168

1.299152
2.032106

1.308088
1.795922

1.318589
1.678341

1.368188
1.456803

1.505117
1.144129

1.645829
0.960211

1.858706
0.814662

2.149139
0.725140

2.471932
0.712714

2.780528
0.774333

3.029722
0.891719

-3.067358
1.040841

-2.919662
1.203388

-2.745123
1.459572

-2.646529
1.622759

-2.558145
1.779743

-2.479297
1.924902

-2.402131
2.057021

-2.331790
2.191614

-2.272267
2.331410

-2.221586
2.479333

-2.181488
2.639909

-2.145264
2.895412

-2.134688
3.072795

-2.134526
3.246571

-2.143831
3.409423

-2.160724
3.558068

-2.182952
3.683140

-2.209254
3.785213

-2.239024
3.863081

-2.269922
3.907523

-2.300578
3.916722

-2.342696
3.871390

-2.365299
3.810293

-2.382517
3.721612

-2.390081
3.608961

-2.386177
3.483664

-2.375250
3.347454

-2.363336
3.190336

-2.355198
3.016311

-2.353591
2.924645

-2.380680
2.648407

-2.420381
2.486725

-2.446664
2.417335

-2.542135
2.230121

-2.608074
2.091472

-2.675675
1.936730

-2.735491
1.753898

-2.786404
1.557212

-2.844583
1.254534

-2.861652
1.050924

-2.858483
0.855432

-2.810182
0.671998

-2.714610
0.500017

-2.567359
0.346353

-2.375359
0.223016

-2.150565
0.127771

-1.934790
0.054903

-1.758203
0.014803

1.529821
0.000561

1.609239
0.000286

1.608373
0.000266

1.614821
0.000227

1.616847
0.000217

1.618888
0.000187

-1.530818
0.000050

1.738329
0.000138

-1.408959
0.000050

-1.418147
0.000039

-1.418147
0.000039

-1.418147
0.000039

-1.418147
0.000039

-1.418147
0.000039

-1.400061
0.000029

-1.400061
0.000029

-1.418147
0.000039

-1.373401
0.000010

-1.373401
0.000010

-1.414194
0.000019

-1.414194
0.000019

-1.373401
0.000010

-1.414194
0.000019

-1.414194
0.000019

-1.373401
0.000010

-1.414194
0.000019

-1.373401
0.000010

-1.373401
0.000010

-1.373401
0.000010

-1.373401
0.000010

0.000000
0.000000

0.000000
0.000000

-1.373401
0.000010

-1.373401
0.000010

-1.414194
0.000019

1.723446
0.000039

1.731784
0.000119

1.670465
0.000010

0.000000
0.000000

-1.373401
0.000010

0.000000
0.000000

0.000000
0.000000

0.000000
0.000000

0.000000
0.000000

0.000000
0.000000

0.000000
0.000000

0.000000
0.000000

0.000000
0.000000

0.000000
0.000000

0.000000
0.000000

0.000000
0.000000

0.000000
0.000000

0.000000
0.000000

0.000000
0.000000

0.000000
0.000000

0.000000
0.000000

0.000000
0.000000

0.000000
0.000000

0.000000
0.000000

0.000000
0.000000

0.000000
0.000000

0.000000
0.000000

0.000000
0.000000

0.000000
0.000000

0.000000
0.000000

0.000000
0.000000

0.000000
0.000000

0.000000
0.000000

0.000000
0.000000

0.000000
0.000000

0.000000
0.000000

0.000000
0.000000

