0.000000
0.000000

0.000000
0.000000

0.000000
0.000000

0.000000
0.000000

0.000000
0.000000

0.000000
0.000000

0.000000
0.000000

0.000000
0.000000

0.000000
0.000000

0.000000
0.000000

0.000000
0.000000

0.000000
0.000000

0.000000
0.000000

0.000000
0.000000

0.000000
0.000000

0.000000
0.000000

0.000000
0.000000

0.000000
0.000000

0.000000
0.000000

0.000000
0.000000

0.000000
0.000000

0.000000
0.000000

0.000000
0.000000

0.000000
0.000000

0.000000
0.000000

0.000000
0.000000

0.000000
0.000000

0.000000
0.000000

0.000000
0.000000

0.000000
0.000000

0.000000
0.000000

0.000000
0.000000

0.000000
0.000000

0.000000
0.000000

0.000000
0.000000

0.000000
0.000000

0.000000
0.000000

0.000000
0.000000

0.000000
0.000000

0.000000
0.000000

0.000000
0.000000

0.000000
0.000000

0.000000
0.000000

0.000000
0.000000

0.000000
0.000000

0.000000
0.000000

-0.002470
-0.007073

0.000000
0.000000

0.000000
0.000000

0.000000
0.000000

0.000000
0.000000

0.000000
0.000000

0.000000
0.000000

0.000000
0.007073

0.002470
0.162687

0.012348
0.332448

0.049392
0.417328

0.123481
0.452695

0.202509
0.615382

0.291416
0.643676

0.385261
1.068077

0.380322
1.435892

0.407488
1.294425

0.427245
1.011490

0.429715
1.011490

0.444532
1.181251

0.437123
1.124664

0.437123
1.032710

0.454411
1.018564

0.508742
0.686116

0.572953
0.572942

0.585301
0.700263

0.632224
0.707336

0.674207
0.523429

0.740887
0.827583

0.765583
0.735629

0.812506
0.007073

0.802628
0.042440

0.800158
0.077807

0.777931
0.063660

0.765583
0.162687

0.750766
0.000000

0.733478
0.014147

0.760644
0.000000

0.738417
-0.155614

0.664329
-0.551722

0.689025
0.148541

0.750766
0.671969

0.735948
0.502208

0.753235
0.169761

0.758174
-0.007073

0.768053
-0.007073

0.777931
-0.014147

0.797688
-0.141467

0.822385
-0.254641

0.812506
-0.516355

0.832263
-0.707336

0.795219
-0.770996

0.792749
-0.544649

0.790280
-0.424402

0.748296
-0.544649

0.743357
-0.268788

0.728539
-0.007073

0.718660
-0.063660

0.708782
0.000000

0.698903
-0.007073

0.639633
-0.297081

0.614936
-0.551722

0.577892
-0.969050

0.523560
-1.244911

0.471698
-1.428818

0.414897
-1.711753

0.345747
-1.789560

0.266719
-1.824927

0.180283
-2.079567

0.101255
-2.114934

0.106194
-1.506625

0.150647
-1.195398

0.195100
-1.138811

0.311173
-0.983197

0.367974
-0.226347

0.444532
0.007073

0.582831
0.049514

0.582831
-0.014147

0.780401
-0.021220

0.814976
-0.084880

0.847081
-0.551722

0.861899
-1.428818

0.842142
-1.294425

0.856959
-1.061004

0.864368
-0.961977

0.832263
-0.841730

0.824854
-0.770996

0.829794
-0.657822

0.874247
-0.198054

0.879186
0.389035

0.839672
1.209544

0.834733
0.806363

0.847081
0.862950

0.819915
1.138811

0.802628
0.947830

0.807567
0.629529

0.805097
-0.028293

0.810037
-0.870023

0.800158
-1.379305

0.748296
-1.393452

0.666798
-1.181251

0.654450
-0.594162

0.600119
-0.304154

0.565544
0.268788

0.528499
0.834656

0.484046
1.379305

0.439593
1.414672

0.454411
1.414672

0.506273
1.435892

0.516151
1.527845

0.501334
1.244911

0.513682
1.244911

0.535908
1.435892

0.565544
0.919537

0.632224
0.120247

0.701373
0.000000

0.777931
-0.141467

0.780401
-0.417328

0.822385
-0.268788

0.829794
-0.162687

0.834733
0.007073

0.782871
0.141467

0.676677
-0.007073

0.649511
-0.198054

0.622345
-0.056587

0.585301
0.141467

0.637163
-0.643676

0.617406
-1.110517

0.617406
-1.442965

0.622345
-1.287351

0.585301
-1.414672

0.605058
-0.558795

0.651981
-0.233421

0.681616
-0.106100

0.674207
-0.021220

0.649511
0.389035

0.661859
0.686116

0.676677
0.933683

0.664329
0.940757

0.669268
0.870023

0.649511
0.608309

0.659390
-0.042440

0.684086
-0.721483

0.701373
-1.117591

0.706312
-1.117591

0.600119
-0.961977

0.629754
-0.488062

0.575422
-0.424402

0.474168
-1.174178

0.479107
-1.237838

0.481577
-1.209544

0.456880
-1.096371

0.447002
-0.728556

0.308703
-0.544649

0.412427
-0.099027

0.476637
0.000000

0.449472
-0.176834

0.417366
-0.396108

0.424775
0.007073

0.395140
0.389035

0.323521
0.792216

0.281537
1.230764

0.229675
0.976124

0.177813
0.870023

0.128420
0.862950

0.051862
0.756849

0.029635
0.961977

-0.002470
1.103444

0.000000
1.329791

0.000000
1.202471

0.007409
0.947830

0.000000
1.053930

0.000000
0.983197

0.000000
0.976124

0.000000
1.138811

0.002470
1.485405

0.044453
1.450039

0.106194
0.884170

0.212388
0.884170

0.274128
0.226347

0.330930
0.000000

0.377852
-0.007073

0.409958
-0.099027

0.466759
-0.509282

0.471698
-0.565869

0.491455
-0.056587

0.521091
0.014147

0.508742
0.035367

0.560605
0.509282

0.590240
0.664896

0.617406
0.240494

0.659390
0.141467

0.728539
0.275861

0.750766
0.127320

0.775462
-0.077807

0.787810
-0.049514

0.768053
-0.325375

0.777931
-0.778069

0.792749
-0.594162

0.795219
-0.212201

0.800158
0.212201

0.834733
0.544649

0.824854
0.912463

0.832263
0.785143

0.817445
0.714409

0.874247
0.530502

0.894004
0.480988

0.921170
0.304154

0.913761
0.049514

0.891534
0.007073

0.926109
-0.183907

0.975501
-0.601235

0.948335
-0.714409

0.953275
-0.608309

0.935987
-0.714409

0.898943
-0.834656

0.901413
-1.011490

0.889065
-1.181251

0.864368
-1.280278

0.812506
-0.905390

0.797688
-0.070734

0.819915
0.480988

0.854490
0.997344

0.896473
0.792216

0.916230
0.594162

0.958214
0.410255

0.898943
0.148541

0.926109
0.106100

0.953275
-0.014147

0.935987
-0.311228

0.931048
-0.452695

0.977971
-0.686116

0.943396
-1.039784

0.980441
-0.884170

0.980441
-0.396108

1.012546
-0.353668

0.995258
-0.452695

1.019955
-0.099027

1.032303
-0.028293

1.019955
0.028293

1.022424
0.014147

1.022424
0.219274

0.990319
-0.007073

1.000198
0.000000

0.980441
0.028293

0.968092
0.000000

0.985380
0.035367

1.012546
0.148541

1.022424
0.007073

1.032303
0.000000

0.997728
-0.134394

0.997728
-0.148541

0.965623
-0.148541

0.940927
-0.205127

0.926109
-0.205127

0.891534
-0.587089

0.906352
-0.516355

0.906352
-0.565869

0.913761
-0.466842

0.921170
-0.587089

0.901413
-0.770996

0.874247
-0.834656

0.889065
-0.961977

0.866838
-1.117591

0.866838
-0.636602

0.881656
-0.410255

0.881656
-0.389035

0.918700
-0.148541

0.918700
-0.070734

0.911291
0.000000

0.908821
0.070734

0.906352
0.488062

0.871777
0.572942

0.829794
0.940757

0.829794
0.940757

0.829794
0.940757

0.829794
0.940757

0.829794
0.940757

0.753235
0.551722

0.743357
0.587089

0.740887
0.664896

0.701373
0.700263

0.671738
0.820510

0.661859
1.138811

0.639633
1.053930

0.595179
0.643676

0.607527
0.700263

0.533439
0.912463

0.464289
0.997344

0.422306
0.664896

0.385261
0.785143

0.333399
1.068077

0.296355
1.082224

0.229675
1.117591

0.138299
1.181251

0.056801
1.237838

0.002470
1.181251

0.009878
1.124664

0.027166
1.068077

0.039514
1.259058

0.074089
1.414672

0.150647
1.145884

0.259310
0.728556

0.303764
0.077807

0.434654
-0.141467

0.474168
-0.403181

0.535908
-1.011490

0.568013
-1.358085

0.568013
-1.322718

0.577892
-0.770996

0.617406
-0.799290

0.632224
-0.912463

0.664329
-0.799290

0.701373
-0.530502

0.780401
-0.240494

0.755705
-0.961977

0.775462
-0.891243

0.792749
-0.820510

0.772992
-0.855876

0.772992
-0.862950

0.763114
-0.657822

0.768053
-0.353668

0.810037
-0.176834

0.829794
-0.042440

0.911291
-0.035367

0.908821
-0.049514

0.889065
-0.205127

0.901413
-0.304154

0.874247
-0.212201

0.864368
-0.028293

0.906352
0.000000

0.894004
-0.021220

0.908821
-0.226347

0.898943
-0.657822

0.871777
-0.396108

0.832263
-0.488062

0.849551
-0.643676

0.837202
-0.311228

0.790280
-0.820510

0.839672
-0.961977

0.834733
-1.181251

0.817445
-0.983197

0.824854
-0.488062

0.852020
-0.113174

0.856959
0.000000

0.866838
-0.091954

0.903882
-0.162687

0.943396
-0.212201

0.928578
-0.106100

0.940927
0.035367

0.938457
-0.007073

0.931048
-0.389035

0.958214
-0.523429

0.990319
-0.551722

0.995258
-0.530502

0.997728
-0.551722

0.992789
-0.523429

0.992789
-0.551722

0.973032
-0.636602

1.007606
-0.601235

1.005137
-0.558795

1.017485
-0.261714

1.037242
-0.077807

1.059469
-0.077807

1.042181
-0.169761

1.094043
-0.007073

1.126148
-0.007073

1.118740
0.007073

1.118740
0.000000

1.148375
0.000000

1.131088
0.000000

1.131088
0.014147

1.175541
0.000000

1.123679
0.007073

1.187889
0.042440

1.180480
0.070734

1.168132
-0.007073

1.131088
0.120247

1.155784
-0.021220

1.153314
0.014147

1.200237
0.091954

1.217524
0.000000

1.227403
0.007073

1.185419
0.000000

1.187889
-0.077807

1.207646
-0.014147

1.212585
0.021220

1.202707
0.035367

1.180480
-0.007073

1.222464
0.028293

1.170602
0.000000

1.187889
0.014147

1.173071
0.134394

1.173071
0.134394

1.202707
0.000000

1.197767
0.007073

1.150845
0.007073

1.195298
0.000000

1.173071
0.007073

1.158253
-0.021220

1.133557
-0.007073

1.111331
-0.028293

1.101452
-0.007073

1.098983
-0.007073

1.066877
-0.155614

1.116270
-0.367815

1.094043
-0.679042

1.019955
-0.650749

0.997728
0.169761

0.980441
0.438548

0.948335
0.495135

0.965623
0.572942

0.943396
0.445622

0.943396
0.523429

0.945866
0.530502

0.987849
0.700263

0.940927
0.007073

0.926109
-0.488062

0.913761
-0.509282

0.881656
-0.629529

0.906352
-0.799290

0.908821
-0.728556

0.884125
-0.473915

0.884125
0.042440

0.864368
0.438548

0.810037
0.997344

0.805097
1.216618

0.748296
1.117591

0.753235
1.145884

0.671738
1.549066

0.639633
1.641019

0.607527
1.782486

0.607527
1.789560

0.572953
1.520772

0.619876
0.997344

0.674207
0.671969

0.718660
0.502208

0.797688
0.537575

0.866838
0.282934

0.982910
-0.007073

1.027363
-0.014147

0.881656
0.000000

1.005137
0.000000

1.079226
0.007073

1.103922
-0.007073

1.140966
-0.007073

1.182950
-0.007073

1.173071
0.000000

1.205176
0.000000

1.229873
0.007073

1.202707
0.000000

1.247160
-0.007073

1.227403
0.000000

1.234812
-0.021220

1.232342
-0.021220

1.254569
0.070734

1.190359
0.021220

1.205176
-0.007073

1.224933
0.021220

1.249630
0.014147

1.222464
0.070734

1.229873
0.247568

1.217524
0.014147

1.207646
0.028293

1.190359
0.162687

1.163193
0.014147

1.239751
0.007073

1.173071
-0.084880

1.182950
-0.332448

1.182950
-0.629529

1.121209
-0.608309

1.091574
-0.643676

1.128618
-0.707336

1.091574
-0.834656

1.163193
-0.961977

1.133557
-0.580015

1.118740
-0.219274

1.106391
-0.219274

1.019955
-0.445622

1.071817
-0.212201

1.007606
0.007073

1.042181
-0.544649

1.086634
-0.148541

1.131088
-0.049514

1.069347
-0.254641

1.076756
-0.339521

1.103922
-0.290008

1.096513
-0.042440

1.089104
-0.205127

1.094043
-0.155614

1.103922
0.007073

1.086634
0.007073

1.101452
-0.077807

1.071817
-0.021220

1.076756
-0.070734

1.089104
0.014147

1.096513
0.000000

1.096513
-0.042440

1.074286
0.000000

1.039712
-0.021220

1.059469
0.021220

1.042181
-0.007073

1.039712
0.000000

1.037242
-0.035367

1.022424
0.000000

1.010076
-0.007073

1.027363
-0.028293

1.012546
-0.007073

1.012546
-0.070734

1.012546
-0.212201

0.995258
-0.190981

0.960684
-0.183907

0.977971
-0.205127

0.977971
-0.155614

0.938457
-0.028293

0.926109
-0.226347

0.916230
-0.622456

0.894004
-0.452695

0.864368
0.007073

0.814976
-0.028293

0.817445
0.014147

0.800158
0.007073

0.792749
0.247568

0.768053
0.282934

0.772992
0.254641

0.787810
0.431475

0.772992
0.396108

0.792749
0.141467

0.797688
0.127320

0.770523
0.403181

0.760644
0.502208

0.763114
0.403181

0.829794
0.551722

0.834733
0.622456

0.852020
0.304154

0.903882
0.346595

0.891534
0.410255

0.908821
0.544649

0.955744
0.608309

0.923639
0.318301

0.953275
0.000000

0.980441
0.049514

0.980441
0.049514

0.982910
0.176834

0.977971
0.325375

0.982910
0.226347

1.019955
0.304154

1.007606
0.318301

0.987849
-0.070734

0.933518
0.268788

1.074286
0.106100

0.958214
0.021220

1.010076
0.035367

1.029833
0.042440

1.017485
0.014147

1.037242
0.021220

1.010076
0.007073

1.029833
0.007073

1.037242
0.000000

1.019955
0.014147

1.034772
0.000000

1.044651
0.106100

1.032303
0.205127

1.056999
-0.007073

1.029833
-0.014147

1.022424
0.000000

1.029833
0.049514

1.061938
0.000000

1.032303
0.000000

1.047120
0.000000

1.034772
-0.035367

1.005137
-0.014147

1.019955
-0.219274

1.024894
-0.021220

1.010076
-0.028293

1.054529
-0.134394

1.061938
-0.311228

1.066877
0.000000

1.096513
0.000000

1.113800
0.000000

1.118740
-0.007073

1.128618
-0.014147

1.084165
0.000000

1.086634
0.007073

1.084165
0.014147

1.101452
0.063660

1.086634
0.000000

1.103922
0.021220

1.074286
0.000000

1.094043
0.042440

1.111331
0.134394

1.101452
0.021220

1.138496
0.000000

1.131088
0.063660

1.131088
0.000000

1.128618
-0.007073

1.163193
0.000000

1.168132
0.077807

1.190359
0.000000

1.175541
-0.035367

1.136027
-0.063660

1.155784
-0.226347

1.153314
0.000000

1.136027
-0.007073

1.145905
0.000000

1.170602
-0.007073

1.165662
0.000000

1.160723
0.007073

1.170602
0.007073

1.210116
0.000000

1.212585
0.021220

1.185419
0.000000

1.210116
0.000000

1.229873
0.134394

1.180480
0.169761

1.197767
0.000000

1.195298
0.035367

1.182950
0.014147

1.210116
0.240494

1.202707
0.021220

1.207646
0.000000

1.195298
0.000000

1.180480
-0.014147

1.192828
-0.042440

1.195298
-0.014147

1.180480
-0.014147

1.170602
-0.035367

1.217524
-0.113174

1.205176
-0.063660

1.197767
-0.021220

1.207646
-0.028293

1.224933
-0.063660

1.237281
-0.120247

1.190359
0.014147

1.180480
0.007073

1.190359
0.000000

1.185419
0.014147

1.207646
-0.049514

1.150845
0.028293

1.155784
0.007073

1.150845
0.205127

1.138496
0.339521

1.155784
0.282934

1.150845
0.332448

1.138496
0.523429

1.076756
0.693189

1.034772
1.025637

1.012546
0.855876

1.027363
0.714409

1.061938
0.502208

1.019955
0.523429

1.049590
0.587089

1.059469
0.452695

1.066877
0.099027

1.079226
0.424402

1.069347
0.495135

1.079226
0.530502

1.108861
0.523429

1.140966
0.417328

1.126148
0.445622

1.098983
0.480988

1.089104
0.565869

1.136027
0.495135

1.076756
0.523429

1.140966
0.297081

1.145905
0.219274

1.116270
-0.007073

1.150845
-0.077807

1.175541
-0.035367

1.158253
-0.212201

1.182950
-0.523429

1.187889
-0.438548

1.205176
-0.459768

1.244690
-0.657822

1.217524
-0.636602

1.224933
-0.707336

1.254569
-0.848803

1.239751
-0.608309

1.200237
-0.219274

1.257038
-0.070734

1.234812
-0.155614

1.229873
0.000000

1.239751
-0.162687

1.207646
-0.141467

1.239751
0.049514

1.227403
-0.007073

1.252099
-0.042440

1.274326
-0.134394

1.227403
0.000000

1.249630
-0.028293

1.247160
-0.014147

1.229873
-0.028293

1.242221
-0.141467

1.197767
0.007073

1.237281
0.106100

1.244690
0.445622

1.215055
0.417328

1.234812
0.120247

1.257038
0.113174

1.212585
0.070734

1.257038
0.261714

1.244690
0.212201

1.274326
-0.099027

1.269387
-0.332448

1.242221
-0.190981

1.252099
0.014147

1.259508
-0.070734

1.232342
-0.084880

1.261978
-0.028293

1.215055
-0.141467

1.222464
-0.219274

1.227403
-0.162687

1.234812
-0.488062

1.224933
-0.360741

1.173071
-0.346595

1.217524
-0.219274

1.197767
-0.155614

1.163193
-0.389035

1.163193
-0.601235

1.116270
-0.502208

1.121209
-0.558795

1.103922
-0.183907

1.069347
-0.297081

1.079226
-0.431475

1.106391
-0.410255

1.091574
-0.537575

1.113800
-0.381961

1.084165
-0.148541

0.965623
-0.226347

0.943396
-0.169761

0.884125
-0.551722

0.805097
-0.311228

0.760644
-0.212201

0.706312
-0.162687

0.649511
-0.643676

0.644572
0.056587

0.639633
-0.014147

0.651981
0.028293

0.669268
-0.014147

0.703843
0.007073

0.718660
0.000000

0.748296
0.000000

0.785340
-0.084880

0.785340
0.000000

0.814976
-0.162687

0.832263
-0.261714

0.859429
-0.169761

0.871777
-0.212201

0.933518
-0.106100

0.955744
-0.007073

0.960684
0.070734

0.960684
0.070734

0.960684
0.070734

0.960684
0.070734

0.960684
0.070734

0.960684
0.070734

1.108861
0.933683

1.118740
0.749776

1.165662
0.374888

1.185419
0.254641

1.202707
-0.007073

1.219994
0.240494

1.229873
0.240494

1.215055
0.014147

1.192828
-0.106100

1.160723
-0.106100

1.205176
-0.297081

1.224933
-0.141467

1.217524
-0.551722

1.197767
-0.686116

1.155784
-0.756849

1.108861
-0.735629

1.024894
-0.261714

1.019955
0.176834

0.955744
0.848803

0.889065
1.160031

0.849551
1.124664

0.839672
0.961977

0.926109
0.820510

0.926109
0.530502

1.103922
0.070734

1.165662
-0.106100

1.224933
-0.360741

1.232342
-0.035367

1.237281
-0.077807

1.264447
-0.261714

1.266917
-0.077807

1.252099
-0.014147

1.276795
-0.035367

1.276795
-0.028293

1.276795
-0.141467

1.247160
-0.099027

1.242221
0.000000

1.249630
0.000000

1.281735
-0.028293

1.252099
-0.014147

1.301492
-0.042440

1.271856
-0.014147

1.274326
0.000000

1.284204
0.000000

1.252099
0.000000

1.257038
-0.007073

1.261978
-0.014147

1.279265
0.007073

1.284204
-0.007073

1.261978
-0.106100

1.244690
0.000000

1.224933
-0.007073

1.232342
0.070734

1.247160
0.084880

1.261978
0.183907

1.242221
-0.014147

1.244690
0.021220

1.229873
0.049514

1.212585
0.014147

1.212585
0.120247

1.205176
-0.021220

1.229873
-0.120247

1.178010
-0.544649

1.202707
-0.770996

1.163193
-0.622456

1.079226
-0.735629

1.056999
0.106100

1.015015
0.749776

1.047120
0.735629

1.039712
0.749776

1.015015
0.735629

0.977971
1.230764

0.896473
1.322718

0.886595
1.584432

0.849551
1.591506

0.822385
1.641019

0.800158
1.407598

0.726069
1.343938

0.731009
1.428818

0.726069
1.053930

0.748296
0.346595

0.743357
0.438548

0.834733
-0.021220

0.918700
0.099027

0.970562
0.240494

1.027363
0.480988

1.126148
-0.014147

1.205176
-0.070734

1.215055
-0.007073

1.249630
-0.035367

1.249630
0.000000

1.259508
-0.113174

1.259508
-0.452695

1.247160
-0.325375

1.215055
-0.233421

1.266917
-0.219274

1.229873
-0.063660

1.242221
-0.127320

1.200237
-0.261714

1.237281
-0.162687

1.247160
-0.021220

1.254569
0.007073

1.239751
0.007073

1.249630
-0.084880

1.242221
0.007073

1.247160
0.007073

1.242221
0.063660

1.222464
0.014147

1.254569
-0.007073

1.237281
-0.021220

1.244690
-0.021220

1.254569
0.000000

1.232342
0.000000

1.266917
-0.021220

1.281735
0.007073

1.237281
0.014147

1.252099
0.084880

1.269387
0.134394

1.259508
0.070734

1.229873
-0.007073

1.259508
0.007073

1.239751
0.000000

1.259508
0.007073

1.222464
0.000000

1.229873
-0.127320

1.269387
-0.240494

1.229873
-0.169761

1.234812
-0.063660

1.264447
-0.127320

1.232342
-0.148541

1.239751
-0.120247

1.212585
-0.063660

1.252099
-0.077807

1.252099
-0.127320

1.234812
-0.070734

1.210116
-0.077807

1.252099
-0.127320

1.232342
-0.049514

1.242221
-0.014147

1.247160
0.021220

1.217524
-0.007073

1.269387
0.042440

1.279265
0.190981

1.207646
0.070734

1.252099
0.014147

1.252099
0.290008

1.210116
0.403181

1.227403
0.254641

1.252099
0.396108

1.227403
0.516355

1.237281
0.424402

1.200237
0.452695

1.195298
0.594162

1.200237
0.459768

1.123679
-0.084880

1.160723
0.381961

1.123679
-0.198054

1.074286
-0.693189

1.034772
-0.834656

0.970562
-0.735629

0.938457
-0.664896

0.926109
-0.905390

0.931048
-1.011490

0.943396
-0.891243

0.970562
-0.870023

0.968092
-0.742703

0.995258
-0.254641

0.995258
-0.282934

1.094043
-0.021220

1.143436
-0.084880

1.133557
0.007073

1.180480
0.014147

1.148375
0.360741

1.158253
0.523429

1.178010
0.615382

1.148375
0.820510

1.118740
0.990270

1.098983
1.174178

1.059469
0.792216

1.029833
0.841730

0.948335
0.792216

0.926109
-0.077807

0.940927
-0.608309

0.945866
-0.763923

0.965623
-0.990270

0.968092
-0.841730

0.943396
-0.643676

1.032303
-0.304154

1.061938
0.007073

1.039712
0.389035

1.098983
0.912463

1.089104
1.011490

1.059469
0.622456

1.098983
0.806363

1.111331
0.268788

1.138496
-0.007073

1.145905
0.509282

1.131088
0.976124

1.175541
1.011490

1.136027
0.983197

1.086634
1.124664

1.012546
1.259058

0.923639
0.841730

0.886595
-0.162687

0.903882
-0.389035

0.948335
-0.587089

1.032303
-0.551722

1.007606
-0.374888

1.022424
-0.353668

1.027363
-0.148541

1.027363
-0.417328

1.094043
-0.339521

1.143436
-0.297081

1.131088
-0.403181

1.200237
-0.282934

1.215055
-0.346595

1.254569
-0.353668

1.227403
-0.389035

1.232342
-0.282934

1.261978
-0.176834

1.232342
-0.374888

1.222464
-0.424402

1.244690
-0.530502

1.237281
-0.516355

1.247160
-0.070734

1.217524
-0.389035

1.252099
-0.360741

1.259508
-0.438548

1.200237
-0.509282

1.229873
-0.367815

1.224933
-0.558795

1.222464
-0.304154

1.239751
-0.304154

1.257038
0.007073

1.244690
0.035367

1.264447
0.007073

1.239751
0.014147

1.232342
0.000000

1.247160
-0.084880

1.247160
-0.042440

1.259508
0.000000

1.224933
-0.007073

1.244690
-0.021220

1.227403
-0.007073

1.222464
0.000000

1.242221
-0.007073

1.227403
0.014147

1.237281
0.007073

1.227403
-0.021220

1.227403
0.000000

1.232342
0.290008

1.207646
0.431475

1.202707
-0.007073

1.207646
0.014147

1.210116
0.537575

1.202707
0.629529

1.234812
0.707336

1.200237
0.749776

1.190359
0.643676

1.237281
0.636602

1.217524
0.389035

1.247160
0.587089

1.247160
0.523429

1.234812
-0.007073

1.239751
0.127320

1.232342
-0.014147

1.252099
0.021220

1.237281
-0.099027

1.217524
-0.346595

1.232342
-0.438548

1.219994
-0.021220

1.205176
-0.565869

1.192828
-0.219274

1.173071
0.056587

1.187889
-0.042440

1.242221
0.099027

1.136027
-0.091954

1.202707
-0.035367

1.145905
0.219274

1.079226
0.014147

1.081695
0.282934

1.034772
0.785143

1.049590
0.792216

1.024894
1.096371

0.968092
0.877096

0.916230
0.417328

0.918700
-0.035367

0.889065
-0.332448

0.891534
-0.615382

0.847081
-0.961977

0.847081
-1.068077

0.847081
-1.450039

0.839672
-1.810780

0.800158
-1.633946

0.731009
-1.428818

0.713721
-1.251985

0.711252
-1.011490

0.755705
-0.572942

0.780401
-0.381961

0.795219
0.000000

0.906352
-0.113174

0.884125
-0.077807

0.931048
-0.113174

0.968092
-0.318301

0.960684
-0.042440

1.005137
0.042440

1.015015
0.056587

1.054529
0.261714

1.121209
0.028293

1.074286
0.240494

1.101452
0.488062

1.089104
0.601235

1.106391
0.615382

1.052060
0.480988

1.027363
0.742703

1.027363
1.075151

1.054529
1.004417

1.064408
1.032710

1.015015
0.509282

1.056999
0.254641

1.052060
0.318301

1.094043
-0.035367

1.126148
0.014147

1.106391
-0.063660

1.096513
-0.183907

1.089104
-0.198054

1.091574
0.000000

1.064408
-0.007073

1.034772
0.007073

1.059469
-0.042440

1.042181
-0.049514

0.982910
-0.077807

0.968092
-0.035367

0.982910
-0.113174

0.933518
0.007073

0.933518
-0.226347

0.943396
-0.077807

0.928578
-0.014147

0.901413
-0.183907

0.928578
-0.219274

0.903882
-0.190981

0.879186
-0.028293

0.817445
0.007073

0.785340
0.212201

0.763114
0.735629

0.681616
-0.622456

0.612467
-0.947830

0.568013
-1.011490

0.508742
-1.152957

0.479107
-1.315645

0.459350
-1.103444

0.390201
-1.251985

0.325990
-1.577359

0.274128
-1.846147

0.227205
-1.732973

0.242023
-1.251985

0.254371
-1.061004

0.244493
-1.266131

0.271659
-1.124664

0.345747
-0.940757

0.432184
-0.410255

0.511212
0.014147

0.580362
0.318301

0.706312
0.806363

0.755705
0.728556

0.765583
0.905390

0.844611
0.502208

0.876716
0.374888

0.921170
0.558795

0.990319
0.572942

1.000198
0.820510

1.032303
0.841730

1.042181
0.643676

1.037242
1.188324

0.995258
1.089297

1.037242
0.947830

1.061938
0.841730

1.094043
0.841730

1.111331
0.035367

1.094043
0.127320

1.116270
0.162687

1.173071
0.169761

1.128618
0.000000

1.116270
-0.035367

1.081695
-0.049514

1.066877
0.049514

1.044651
-0.021220

0.987849
-0.353668

0.982910
-0.466842

0.985380
-0.969050

0.928578
-1.039784

0.935987
-0.834656

0.943396
-0.785143

0.970562
-0.806363

1.017485
-0.629529

1.042181
-0.219274

1.052060
0.028293

1.106391
0.127320

1.113800
0.007073

1.155784
-0.084880

1.180480
-0.070734

1.168132
-0.360741

1.182950
-0.587089

1.192828
-0.268788

1.190359
-0.424402

1.215055
-0.961977

1.195298
-0.862950

1.200237
-0.551722

1.180480
-0.488062

1.155784
-0.523429

1.202707
-0.445622

1.158253
-0.480988

1.180480
-0.466842

1.180480
0.091954

1.160723
-0.113174

1.158253
-0.099027

1.195298
-0.495135

1.170602
-0.431475

1.190359
-0.367815

1.170602
-0.318301

1.163193
-0.282934

1.200237
-0.360741

1.200237
-0.424402

1.187889
-0.403181

1.207646
-0.014147

1.190359
-0.190981

1.190359
-0.212201

1.212585
-0.176834

1.158253
0.007073

1.178010
0.056587

1.140966
0.580015

1.079226
0.650749

1.074286
0.997344

0.953275
1.280278

0.908821
1.308571

0.876716
1.633946

0.802628
1.747120

0.777931
1.513699

0.738417
1.400525

0.758174
1.499552

0.814976
1.351012

0.854490
1.046857

0.928578
0.417328

0.995258
0.240494

1.027363
0.099027

1.091574
0.162687

1.113800
0.304154

1.224933
-0.014147

1.219994
0.028293

1.239751
0.169761

1.249630
0.049514

1.219994
0.190981

1.242221
0.148541

1.264447
0.106100

1.237281
0.035367

1.205176
0.190981

1.244690
0.091954

1.257038
0.162687

1.232342
0.091954

1.237281
-0.028293

1.261978
0.070734

1.234812
-0.007073

1.229873
0.035367

1.234812
0.353668

1.232342
-0.014147

1.237281
-0.148541

1.212585
-0.360741

1.222464
-0.325375

1.244690
-0.261714

1.190359
-0.367815

1.234812
-0.608309

1.234812
-0.381961

1.217524
-0.021220

1.247160
0.014147

1.232342
-0.028293

1.247160
0.000000

1.244690
0.000000

1.217524
-0.028293

1.264447
0.000000

1.217524
-0.070734

1.150845
-0.021220

1.237281
-0.007073

1.259508
0.134394

1.237281
0.353668

1.242221
0.516355

1.195298
0.473915

1.187889
0.537575

1.158253
0.664896

1.158253
0.212201

1.158253
-0.099027

1.158253
-0.049514

1.158253
-0.240494

1.123679
-0.707336

1.071817
-0.898317

1.091574
-0.862950

1.074286
-0.827583

1.039712
-0.898317

1.061938
-0.834656

1.049590
-0.311228

1.049590
0.042440

1.061938
0.389035

1.076756
0.905390

1.131088
0.353668

1.079226
-0.021220

1.015015
-0.099027

0.968092
-0.445622

0.995258
-0.657822

0.987849
-0.721483

0.955744
-0.933683

0.987849
-0.919537

0.938457
-0.360741

0.916230
0.000000

0.884125
0.643676

0.852020
0.657822

0.869308
0.374888

0.889065
-0.028293

0.918700
0.325375

0.931048
0.318301

0.968092
0.339521

0.935987
0.346595

0.926109
0.268788

0.965623
0.021220

0.985380
0.219274

0.985380
0.261714

0.980441
0.523429

0.982910
0.431475

0.987849
0.389035

0.980441
0.261714

0.960684
0.374888

0.960684
0.636602

0.943396
0.933683

0.918700
0.855876

0.898943
0.827583

0.891534
0.891243

0.859429
0.756849

0.898943
0.162687

0.884125
0.219274

0.852020
0.381961

0.876716
0.091954

0.859429
0.403181

0.837202
0.792216

0.802628
0.933683

0.780401
1.174178

0.753235
1.096371

0.750766
1.202471

0.721130
1.039784

0.721130
0.983197

0.711252
1.216618

0.706312
1.223691

0.738417
0.905390

0.797688
1.138811

0.792749
0.855876

0.775462
0.749776

0.792749
0.693189

0.817445
0.438548

0.847081
-0.028293

0.913761
-0.155614

0.973032
-0.367815

1.010076
-0.459768

0.973032
-0.360741

1.042181
-0.084880

1.044651
-0.042440

1.064408
-0.311228

1.079226
0.000000

1.094043
0.007073

1.098983
-0.007073

1.079226
0.438548

1.061938
0.438548

1.081695
-0.056587

1.071817
-0.183907

1.066877
-0.282934

1.064408
-0.367815

1.069347
-0.162687

1.039712
-0.007073

1.074286
-0.014147

1.064408
0.106100

1.054529
0.318301

1.015015
0.396108

0.953275
0.530502

0.921170
0.537575

0.898943
0.551722

0.864368
0.523429

0.807567
0.502208

0.797688
0.629529

0.733478
0.558795

0.689025
0.700263

0.693964
0.212201

0.693964
-0.141467

0.684086
-0.240494

0.691495
-0.466842

0.654450
-0.318301

0.642102
-0.332448

0.637163
-0.304154

0.651981
-0.275861

0.651981
-0.311228

0.681616
-0.141467

0.718660
-0.134394

0.731009
-0.120247

0.753235
-0.063660

0.777931
-0.113174

0.790280
-0.332448

0.797688
-0.339521

0.800158
-0.254641

0.827324
-0.148541

0.861899
-0.162687

0.861899
-0.282934

0.881656
-0.339521

0.889065
-0.431475

0.884125
-0.367815

0.876716
-0.297081

0.918700
0.000000

0.881656
-0.339521

0.866838
-0.756849

0.886595
-0.770996

0.894004
-0.657822

0.913761
-0.155614

0.953275
0.021220

0.933518
-0.106100

0.921170
-0.311228

0.948335
0.162687

0.987849
0.290008

0.965623
0.325375

0.995258
0.707336

0.987849
0.664896

1.000198
0.134394

1.032303
0.459768

1.022424
0.530502

0.940927
0.763923

0.894004
1.039784

0.874247
1.124664

0.847081
0.997344

0.765583
0.926610

0.768053
0.495135

0.738417
-0.113174

0.726069
-0.565869

0.723600
-0.509282

0.740887
-0.339521

0.743357
-0.728556

0.750766
-0.841730

0.812506
-0.629529

0.814976
-0.438548

0.800158
-0.636602

0.817445
-0.615382

0.777931
-0.339521

0.765583
-0.360741

0.753235
-0.183907

0.800158
-0.007073

0.753235
-0.028293

0.819915
-0.070734

0.847081
0.120247

0.869308
0.424402

0.903882
0.466842

0.953275
0.636602

0.968092
0.700263

1.012546
0.544649

1.037242
0.282934

1.076756
0.254641

1.096513
0.247568

1.113800
0.325375

1.116270
0.042440

1.205176
-0.141467

1.185419
-0.190981

1.185419
-0.120247

1.202707
-0.049514

1.200237
-0.198054

1.185419
-0.042440

1.229873
-0.014147

1.190359
0.021220

1.227403
0.007073

1.195298
0.516355

1.205176
0.254641

1.222464
0.099027

1.210116
0.353668

1.165662
0.205127

1.200237
0.063660

1.219994
0.000000

1.205176
-0.084880

1.222464
-0.311228

1.205176
-0.162687

1.224933
-0.077807

1.234812
-0.127320

1.197767
-0.254641

1.212585
-0.282934

1.197767
-0.445622

1.187889
-0.671969

1.210116
-0.551722

1.182950
-0.891243

1.180480
-0.912463

1.182950
-0.700263

1.205176
-0.551722

1.247160
-0.099027

1.202707
-0.099027

1.227403
-0.183907

1.229873
-0.374888

1.215055
-0.084880

1.234812
0.063660

1.227403
0.007073

1.212585
-0.014147

1.224933
-0.162687

1.222464
-0.035367

1.222464
0.014147

1.242221
0.007073

1.207646
-0.007073

1.227403
0.000000

1.239751
-0.113174

1.207646
-0.198054

1.215055
0.021220

1.217524
-0.134394

1.227403
-0.353668

1.210116
-0.353668

1.197767
-0.304154

1.237281
-0.544649

1.237281
-0.558795

1.229873
-0.417328

1.222464
-0.756849

1.190359
-0.884170

1.207646
-0.565869

1.173071
-0.565869

1.222464
-0.417328

1.232342
-0.389035

1.224933
-0.148541

1.224933
0.007073

1.239751
-0.014147

1.229873
-0.028293

1.232342
-0.021220

1.259508
-0.007073

1.239751
-0.028293

1.234812
0.014147

1.224933
-0.007073

1.252099
-0.106100

1.229873
0.000000

1.254569
0.021220

1.232342
0.000000

1.229873
0.000000

1.217524
0.000000

1.257038
-0.007073

1.219994
-0.014147

1.229873
-0.028293

1.239751
-0.007073

1.217524
0.000000

1.234812
-0.091954

1.205176
-0.091954

1.224933
-0.077807

1.215055
-0.007073

1.200237
-0.120247

1.210116
-0.077807

1.219994
-0.049514

1.182950
-0.042440

1.210116
-0.070734

1.195298
0.000000

1.187889
-0.028293

1.200237
-0.063660

1.160723
-0.014147

1.168132
0.028293

1.180480
0.389035

1.153314
0.417328

1.158253
0.332448

1.160723
0.466842

1.128618
0.516355

1.116270
0.396108

1.121209
0.360741

1.096513
0.091954

1.022424
0.509282

0.960684
0.580015

0.901413
0.473915

0.834733
0.770996

0.770523
0.841730

0.728539
0.580015

0.689025
0.268788

0.661859
0.127320

0.642102
0.000000

0.701373
0.000000

0.661859
0.183907

0.624815
-0.014147

0.595179
0.099027

0.538378
0.396108

0.484046
0.530502

0.484046
0.530502

0.484046
0.530502

0.484046
0.530502

0.484046
0.530502

0.353156
1.471259

0.338338
1.435892

0.338338
1.676386

0.353156
1.952247

0.367974
1.591506

0.427245
0.742703

0.511212
0.488062

0.590240
0.318301

0.649511
-0.035367

0.782871
0.007073

0.871777
-0.233421

0.926109
-0.537575

0.975501
-0.693189

0.990319
-0.763923

1.042181
-1.032710

1.059469
-0.650749

1.059469
-0.700263

1.059469
-0.785143

1.202707
-0.664896

1.210116
-0.190981

1.227403
-0.219274

1.219994
-0.155614

1.244690
-0.056587

1.249630
-0.106100

1.252099
-0.028293

1.257038
-0.007073

1.257038
0.000000

1.229873
-0.021220

1.249630
0.021220

1.242221
0.014147

1.224933
0.007073

1.239751
0.049514

1.237281
0.077807

1.254569
0.000000

1.266917
0.000000

1.264447
-0.035367

1.227403
-0.056587

1.247160
0.063660

1.229873
0.007073

1.229873
-0.028293

1.244690
0.070734

1.224933
-0.021220

1.237281
-0.056587

1.244690
-0.007073

1.234812
-0.014147

1.224933
-0.042440

1.227403
-0.042440

1.266917
-0.014147

1.266917
0.000000

1.222464
-0.014147

1.252099
0.000000

1.247160
-0.007073

1.239751
0.007073

1.224933
0.162687

1.237281
0.169761

1.227403
0.063660

1.247160
0.233421

1.247160
0.318301

1.234812
0.438548

1.244690
0.452695

1.219994
0.403181

1.254569
0.134394

1.219994
0.099027

1.244690
-0.035367

1.244690
0.014147

1.237281
-0.261714

1.252099
-0.311228

1.215055
-0.346595

1.249630
-0.509282

1.252099
-0.014147

1.222464
-0.162687

1.237281
-0.219274

1.229873
-0.304154

1.227403
-0.106100

1.224933
-0.297081

1.232342
-0.077807

1.224933
-0.007073

1.234812
0.389035

1.222464
0.594162

1.205176
0.728556

1.205176
0.763923

1.197767
0.367815

1.227403
0.297081

1.170602
-0.056587

1.170602
-0.297081

1.175541
-0.240494

1.133557
-0.438548

1.180480
-0.473915

1.153314
-0.594162

1.153314
-0.523429

1.182950
-0.445622

1.180480
-0.488062

1.222464
-0.537575

1.215055
-0.608309

1.178010
-0.346595

1.200237
-0.099027

1.192828
-0.190981

1.224933
-0.389035

1.222464
-0.459768

1.217524
-0.332448

1.257038
0.007073

1.200237
-0.014147

1.229873
0.000000

1.215055
0.014147

1.232342
0.000000

1.205176
0.007073

1.170602
0.297081

1.215055
0.233421

1.202707
0.275861

1.180480
0.374888

1.252099
0.346595

1.187889
0.735629

1.165662
0.495135

1.210116
0.176834

1.190359
0.162687

1.195298
0.544649

1.215055
0.855876

1.168132
1.018564

1.190359
0.671969

1.178010
0.686116

1.103922
0.636602

1.121209
0.749776

1.076756
0.700263

1.108861
0.523429

1.049590
0.056587

0.896473
-0.247568

0.802628
-0.657822

0.721130
-0.679042

0.656920
-0.905390

0.580362
-1.181251

0.521091
-1.527845

0.516151
-1.768340

0.481577
-1.761266

0.466759
-1.747120

0.469228
-1.478332

0.493925
-0.870023

0.563074
-0.424402

0.661859
-0.141467

0.738417
-0.353668

0.785340
-0.629529

0.812506
-0.898317

0.842142
-0.417328

0.797688
-0.028293

0.891534
0.063660

0.881656
-0.035367

0.896473
0.389035

0.871777
0.650749

0.763114
-0.240494

0.622345
-1.591506

0.619876
-1.945174

0.634693
-1.534919

0.676677
-1.110517

0.696434
-0.233421

0.711252
0.049514

0.721130
0.183907

0.743357
0.042440

0.772992
0.000000

0.780401
0.339521

0.894004
0.537575

0.916230
0.431475

0.948335
0.452695

0.960684
0.629529

0.950805
0.799290

0.950805
0.841730

0.977971
0.983197

1.017485
0.813436

1.096513
0.084880

1.101452
0.452695

1.106391
0.480988

1.118740
0.339521

1.131088
0.113174

1.155784
-0.028293

1.136027
0.247568

1.205176
0.233421

1.187889
0.707336

1.143436
0.431475

1.108861
0.495135

1.052060
0.396108

1.027363
0.176834

0.965623
0.304154

0.894004
0.813436

0.923639
-0.028293

0.968092
-0.042440

0.950805
-0.014147

0.985380
0.657822

0.970562
0.714409

0.950805
0.360741

0.958214
0.007073

0.928578
-0.198054

0.908821
-0.360741

0.859429
-0.516355

0.839672
-0.679042

0.765583
-1.075151

0.693964
-1.280278

0.600119
-1.230764

0.521091
-1.457112

0.392670
-1.619799

0.279067
-1.697606

0.192631
-1.881513

0.103724
-1.909807

0.076558
-1.598579

0.074089
-1.244911

0.133360
-1.075151

0.214857
-0.389035

0.308703
0.021220

0.412427
0.000000

0.518621
0.099027

0.600119
0.261714

0.624815
0.438548

0.624815
0.473915

0.718660
0.304154

0.740887
0.374888

0.797688
-0.007073

0.814976
0.106100

0.842142
-0.219274

0.827324
-0.502208

0.842142
-0.141467

0.839672
0.063660

0.723600
-0.282934

0.728539
0.247568

0.748296
0.226347

0.770523
0.014147

0.753235
0.530502

0.772992
0.530502

0.691495
0.792216

0.659390
0.346595

0.605058
-0.120247

0.518621
-0.664896

0.464289
-0.961977

0.412427
-1.096371

0.385261
-0.983197

0.343278
-1.152957

0.311173
-1.605652

0.298824
-1.464185

0.380322
-0.601235

0.345747
0.120247

0.474168
0.063660

0.498864
0.240494

0.612467
0.360741

0.674207
0.049514

0.634693
0.091954

0.775462
0.007073

0.829794
0.014147

0.852020
0.042440

0.911291
0.014147

0.990319
0.205127

1.054529
0.035367

1.111331
0.000000

1.175541
0.007073

1.222464
0.007073

1.234812
0.035367

1.247160
0.099027

1.227403
0.226347

1.224933
0.099027

1.219994
0.099027

1.187889
0.282934

1.247160
0.268788

1.200237
0.183907

1.205176
0.091954

1.232342
0.035367

1.212585
-0.014147

1.244690
0.021220

1.215055
0.000000

1.254569
-0.007073

1.227403
-0.084880

1.202707
-0.091954

1.234812
-0.099027

1.237281
-0.176834

1.178010
-0.176834

1.200237
-0.700263

1.202707
-0.657822

1.187889
-0.403181

1.158253
-0.466842

1.131088
-0.594162

1.178010
-0.544649

1.219994
-0.488062

1.155784
-0.615382

1.175541
-0.353668

1.173071
-0.106100

1.138496
-0.290008

1.197767
-0.254641

1.143436
0.000000

1.148375
-0.007073

1.200237
0.169761

1.170602
0.304154

1.145905
0.339521

1.153314
0.410255

1.136027
0.558795

1.079226
0.523429

1.052060
0.594162

1.024894
0.601235

1.022424
0.275861

1.000198
-0.021220

0.975501
-0.056587

0.950805
-0.530502

0.928578
-0.629529

0.918700
-0.700263

0.901413
-0.891243

0.837202
-0.997344

0.824854
-1.039784

0.758174
-1.061004

0.723600
-1.124664

0.706312
-1.167104

0.651981
-1.414672

0.612467
-1.549066

0.577892
-1.591506

0.550726
-1.499552

0.545787
-1.768340

0.568013
-2.107861

0.592710
-1.641019

0.637163
-0.459768

0.780401
0.311228

0.847081
0.877096

0.881656
1.089297

0.945866
0.947830

0.985380
1.089297

0.938457
0.799290

0.945866
-0.070734

0.975501
-0.905390

0.992789
-1.004417

1.054529
-1.004417

1.079226
-0.961977

1.049590
-0.721483

1.024894
-0.785143

1.010076
-0.820510

0.953275
-0.466842

0.901413
-0.148541

0.884125
0.417328

0.745826
0.700263

0.600119
1.259058

0.434654
1.931027

0.293885
1.421745

0.133360
1.195398

-0.002470
1.039784

0.000000
-0.021220

0.000000
0.000000

0.000000
0.007073

0.000000
0.007073

-0.002470
0.219274

0.002470
0.360741

0.000000
0.183907

0.000000
-0.056587

0.000000
0.000000

0.000000
0.000000

0.000000
0.000000

0.000000
0.000000

0.000000
0.000000

0.000000
0.000000

0.000000
0.000000

0.000000
0.000000

0.000000
-0.007073

0.002470
0.000000

-0.002470
0.000000

0.000000
0.000000

0.000000
0.000000

0.000000
0.000000

0.000000
0.000000

0.002470
0.000000

0.000000
0.000000

0.000000
0.000000

0.000000
0.000000

0.000000
0.000000

0.000000
0.000000

0.000000
0.000000

0.000000
0.000000

0.000000
0.000000

0.000000
0.000000

0.000000
0.000000

0.000000
0.000000

0.000000
0.000000

0.000000
0.000000

0.000000
0.000000

0.000000
0.000000

0.000000
0.000000

0.000000
0.000000

0.000000
0.000000

0.000000
0.000000

0.000000
0.000000

0.000000
0.000000

0.000000
0.000000

0.000000
0.000000

0.000000
0.000000

0.000000
0.000000

0.000000
0.000000

0.000000
0.000000

0.000000
0.000000

0.000000
0.000000

0.000000
0.000000

0.000000
0.000000

0.000000
0.000000

0.000000
0.000000

0.000000
0.000000

0.000000
0.000000

0.000000
0.000000

0.000000
0.000000

0.000000
0.000000

0.000000
0.000000

0.000000
0.000000

0.000000
0.000000

0.000000
0.000000

0.000000
0.000000

0.000000
0.000000

0.000000
0.000000

0.000000
0.000000

0.000000
0.000000

