0.690617
54.078596

0.690617
54.078596

0.690675
54.073644

0.690785
54.062431

0.691038
54.032013

0.691117
54.021861

0.691117
54.021861

0.691117
54.021861

0.691117
54.021861

0.691117
54.021861

0.691117
54.021861

0.691117
54.021376

0.691116
54.020408

0.691114
54.019926

0.691113
54.019448

0.691110
54.018987

0.691110
54.018987

0.691107
54.018542

0.691107
54.018542

0.691107
54.018542

0.691107
54.018542

0.691107
54.018542

0.691103
54.018108

0.691103
54.018108

0.691103
54.018108

0.691103
54.018108

0.691103
54.018108

0.691063
54.006573

0.691043
53.996162

0.690998
53.945257

0.691021
53.866727

0.691144
53.786381

0.691486
53.667201

0.691845
53.589773

0.692279
53.512195

0.692759
53.436399

0.693543
53.323304

0.694114
53.248247

0.694406
53.211141

0.695001
53.137931

0.695628
53.062751

0.695662
53.058652

0.695694
53.054900

0.695698
53.054458

0.695698
53.054458

0.695702
53.054014

0.695711
53.052948

0.695725
53.051359

0.695761
53.048075

0.696073
53.023323

0.697304
52.939803

0.697814
52.909693

0.698870
52.851026

0.699956
52.794274

0.701618
52.712084

0.702761
52.658680

0.703909
52.606734

0.705074
52.554998

0.706255
52.503520

0.708035
52.427432

0.709236
52.376908

0.710432
52.327049

0.711641
52.277226

0.713452
52.202866

0.714062
52.177879

0.715276
52.128189

0.716493
52.078577

0.717715
52.028881

0.719542
51.954742

0.720759
51.905579

0.721900
51.859783

0.722866
51.821057

0.723713
51.787096

0.724795
51.743911

0.725341
51.722129

0.725567
51.713102

0.725927
51.698756

0.726047
51.693978

0.726047
51.693978

0.726047
51.693978

0.726055
51.693681

0.726055
51.693681

0.726064
51.693181

0.726064
51.693181

0.726064
51.693181

0.726064
51.693181

0.726064
51.693181

0.726064
51.693181

0.726148
51.681737

0.726332
51.651148

0.726499
51.615288

0.726696
51.553966

0.726758
51.508677

0.726763
51.455964

0.726701
51.402226

0.726668
51.386035

0.726668
51.386035

0.726668
51.386035

0.726667
51.385553

0.726667
51.385070

0.726667
51.385070

0.726667
51.385070

0.726667
51.385070

0.726667
51.385070

0.726667
51.385070

0.726679
51.378798

0.726710
51.365836

0.726970
51.270795

0.727216
51.190368

0.727701
51.032057

0.727993
50.911479

0.728126
50.831243

0.728160
50.791700

0.728170
50.671123

0.728037
50.590789

0.727669
50.471985

0.727486
50.432804

0.727045
50.355888

0.726501
50.280300

0.725527
50.170518

0.724760
50.099468

0.723942
50.030550

0.723091
49.962335

0.721775
49.861068

0.720876
49.794524

0.719963
49.728594

0.719498
49.695705

0.718554
49.630766

0.717113
49.537890

0.716856
49.522464

0.716850
49.522090

0.716850
49.522090

0.716850
49.522090

0.716850
49.522090

0.716844
49.521722

0.716837
49.521384

0.716837
49.521384

0.716829
49.521082

0.716806
49.520340

0.716114
49.499194

0.715653
49.482704

0.714704
49.442593

0.713575
49.390826

0.711828
49.308157

0.711262
49.280176

0.710187
49.225479

0.709091
49.168106

0.707980
49.108985

0.706324
49.019841

0.705228
48.959900

0.704138
48.899884

0.703051
48.839956

0.701417
48.749675

0.700332
48.689484

0.699785
48.659154

0.698689
48.598801

0.697046
48.508541

0.695948
48.448362

0.695069
48.399638

0.694853
48.388023

0.694796
48.384889

0.694789
48.384523

0.694780
48.384006

0.694765
48.383202

0.694758
48.382850

0.694730
48.381567

0.694730
48.381567

0.694730
48.381567

0.694730
48.381567

0.694522
48.375397

0.694460
48.373737

0.694401
48.372476

0.693418
48.355640

0.692707
48.345759

0.691094
48.325649

0.689467
48.307739

0.687830
48.291506

0.685382
48.269596

0.683741
48.256441

0.682089
48.243897

0.680448
48.232192

0.677967
48.215504

0.677150
48.210265

0.675503
48.200105

0.673007
48.186309

0.671352
48.178547

0.669690
48.171446

0.668193
48.165549

0.667851
48.164233

0.667841
48.164195

0.667841
48.164195

0.667841
48.164195

0.667831
48.164164

0.667831
48.164164

0.667821
48.164175

0.667821
48.164175

0.667811
48.164249

0.667753
48.164978

0.666662
48.182276

0.665207
48.212956

0.663715
48.250329

0.662294
48.291964

0.660257
48.362083

0.659626
48.387630

0.658408
48.442142

0.657248
48.500037

0.655603
48.589773

0.654557
48.651688

0.653533
48.714819

0.652531
48.778567

0.651543
48.842947

0.650081
48.940361

0.649132
49.005199

0.648183
49.070846

0.647246
49.136353

0.646779
49.169224

0.645388
49.268149

0.644463
49.334632

0.643549
49.400297

0.642629
49.466527

0.641257
49.565504

0.640339
49.631830

0.639427
49.698210

0.638522
49.764604

0.637162
49.864521

0.636709
49.897990

0.635808
49.964529

0.634909
50.031144

0.634019
50.097505

0.632685
50.197533

0.631796
50.264660

0.630917
50.331261

0.630034
50.398161

0.628717
50.498488

0.627845
50.565191

0.626970
50.632228

0.626536
50.665629

0.625234
50.766188

0.624375
50.832377

0.623751
50.880588

0.623699
50.884649

0.623691
50.885211

0.623516
50.895659

0.622358
50.955419

0.621751
50.981054

0.621120
51.006016

0.619835
51.052047

0.618506
51.095130

0.616489
51.156849

0.615125
51.196547

0.613750
51.235920

0.613067
51.255376

0.611012
51.313109

0.609633
51.351391

0.608320
51.387651

0.607951
51.397822

0.607951
51.397822

0.607951
51.397822

0.607951
51.397822

0.607951
51.397822

0.607951
51.397822

0.607951
51.397822

0.607908
51.398778

0.607459
51.406488

0.606304
51.421906

0.605552
51.430128

0.603238
51.448805

0.601675
51.455502

0.600117
51.458967

0.598549
51.460047

0.596996
51.459341

0.594660
51.456276

0.593097
51.453040

0.591539
51.449384

0.589981
51.445362

0.587644
51.438950

0.586865
51.436711

0.585307
51.432142

0.583754
51.427466

0.581417
51.420388

0.579854
51.415875

0.578304
51.411522

0.576737
51.407186

0.574402
51.400964

0.573627
51.398898

0.572063
51.394887

0.570507
51.391085

0.568951
51.387406

0.566603
51.381967

0.565046
51.378540

0.563481
51.375220

0.561920
51.371910

0.559591
51.367175

0.558021
51.364225

0.556464
51.361423

0.555692
51.360140

0.553336
51.356233

0.551778
51.353806

0.550229
51.351332

0.548658
51.349012

0.546323
51.345798

0.544764
51.343932

0.543206
51.342251

0.541647
51.340635

0.540088
51.339081

0.537752
51.337079

0.536966
51.336530

0.535602
51.335654

0.535357
51.335541

0.535347
51.335536

0.535347
51.335536

0.535347
51.335536

0.535347
51.335536

0.535347
51.335536

0.535347
51.335536

0.535347
51.335536

0.535347
51.335536

0.535338
51.335690

0.535329
51.335874

0.535312
51.336284

0.535304
51.336525

0.535296
51.336807

0.535296
51.336807

0.535289
51.337126

0.535283
51.337468

0.535283
51.337468

0.535283
51.337468

0.535283
51.337468

0.535278
51.337903

0.535278
51.337903

0.535275
51.338362

0.535273
51.338831

0.535273
51.338831

0.535273
51.338831

0.535271
51.341657

0.535275
51.348431

0.535326
51.377145

0.535666
51.481673

0.536061
51.559536

0.536552
51.636079

0.537123
51.711211

0.537427
51.747779

0.538410
51.857273

0.539125
51.928776

0.539866
51.999582

0.540615
52.069081

0.541771
52.173553

0.542558
52.243106

0.543341
52.311640

0.544132
52.380533

0.545323
52.483990

0.545718
52.518142

0.546509
52.586376

0.547305
52.655066

0.548492
52.757893

0.549283
52.826665

0.550069
52.895492

0.550848
52.963938

0.551725
53.041185

0.551768
53.044952

0.551768
53.044952

0.551768
53.044952

0.551768
53.044952

0.551929
53.059187

0.552469
53.103627

0.553321
53.168235

0.554227
53.232543

0.555627
53.326824

0.556596
53.388949

0.557567
53.449872

0.558551
53.510940

0.559533
53.571012

0.561021
53.661265

0.561519
53.691266

0.562512
53.750971

0.563515
53.811017

0.564514
53.870755

0.566006
53.960355

0.566991
54.019631

0.567982
54.079366

0.568954
54.138078

0.569805
54.189672

0.570842
54.252586

0.571397
54.286344

0.571848
54.313626

0.572042
54.325370

0.572518
54.354116

0.572644
54.361760

0.572644
54.361760

0.572650
54.362121

0.572656
54.362478

0.572656
54.362478

0.572666
54.362896

0.572666
54.362896

0.572666
54.362896

0.572666
54.362896

0.572678
54.363180

0.572678
54.363180

0.572702
54.363555

0.572702
54.363555

0.572702
54.363555

0.572702
54.363555

0.572702
54.363555

0.572702
54.363555

0.572702
54.363555

0.572702
54.363555

0.572831
54.367396

0.573006
54.373465

0.573335
54.386557

0.573909
54.413515

0.574233
54.431036

0.574967
54.474965

0.575732
54.526711

0.576855
54.611619

0.577565
54.672306

0.578243
54.734319

0.578885
54.796699

0.579848
54.895230

0.580159
54.929030

0.580780
54.998788

0.581408
55.072074

0.582013
55.144829

0.582901
55.255204

0.583474
55.328694

0.584035
55.402448

0.584589
55.476346

0.585414
55.587604

0.585954
55.661785

0.586496
55.736455

0.586766
55.773796

0.587572
55.885394

0.588112
55.960043

0.588950
56.070776

0.589249
56.106870

0.590101
56.200576

0.590238
56.213144

0.590238
56.213144

0.590238
56.213144

0.590238
56.213144

0.590238
56.213144

0.590238
56.213144

0.590238
56.213144

0.590238
56.213144

0.590238
56.213144

0.590238
56.213144

0.590238
56.213144

0.590238
56.213144

0.590238
56.213144

0.590238
56.213144

0.590238
56.213144

0.590243
56.213557

0.590252
56.214373

0.590267
56.215645

0.590267
56.215645

0.590267
56.215645

0.590267
56.215645

0.590267
56.215645

0.590274
56.215933

0.590324
56.218031

0.590335
56.218359

0.590335
56.218359

0.590447
56.221017

0.590944
56.229874

0.591444
56.237374

0.593505
56.261497

0.594922
56.271011

0.596349
56.276415

0.597775
56.279101

0.599205
56.279686

0.601349
56.277804

0.602773
56.273994

0.604203
56.268424

0.604920
56.264864

0.607037
56.251886

0.608457
56.240319

0.609863
56.226369

0.611131
56.211521

0.611528
56.206116

0.611638
56.204692

0.611646
56.204586

0.611646
56.204586

0.611655
56.204482

0.611655
56.204482

0.611655
56.204482

0.611655
56.204482

0.611655
56.204482

0.611663
56.204378

0.611858
56.201935

0.612704
56.190201

0.614029
56.170114

0.615405
56.147933

0.617472
56.112952

0.618836
56.088966

0.620198
56.064439

0.620882
56.051970

0.622926
56.014698

0.624285
55.989631

0.625669
55.963970

0.627021
55.939030

0.628404
55.913241

0.630396
55.871745

0.631713
55.839945

0.633026
55.806121

0.634324
55.771280

0.635618
55.735580

0.636905
55.698705

0.638178
55.661244

0.639451
55.623379

0.640730
55.584797

0.642619
55.527467

0.643890
55.488709

0.645161
55.449791

0.646424
55.411174

0.648344
55.352985

0.649620
55.314273

0.650251
55.295153

0.651521
55.256786

0.653425
55.199355

0.654700
55.161122

0.655985
55.122805

0.657270
55.084525

0.658559
55.046390

0.660485
54.989422

0.661769
54.951687

0.663055
54.913986

0.664349
54.876099

0.666288
54.819747

0.666937
54.800935

0.668229
54.763547

0.669523
54.726197

0.670819
54.688901

0.672775
54.632689

0.674077
54.595679

0.675386
54.558523

0.676690
54.521790

0.677996
54.485150

0.679962
54.430200

0.681270
54.393629

0.682590
54.356897

0.683250
54.338558

0.685223
54.283697

0.686522
54.247682

0.687855
54.210835

0.689156
54.174897

0.690476
54.138618

0.692203
54.091290

0.692373
54.086656

0.692381
54.086437

0.692381
54.086437

0.692399
54.085950

0.692520
54.082660

0.693223
54.064597

0.694503
54.035865

0.696604
53.995898

0.698020
53.973809

0.699345
53.955480

0.700608
53.939550

0.702011
53.923255

0.704209
53.899536

0.705678
53.884872

0.706400
53.877923

0.707874
53.864022

0.710073
53.843914

0.711552
53.830964

0.713033
53.818501

0.714498
53.806544

0.716656
53.789139

0.717907
53.779129

0.718932
53.770934

0.719805
53.763978

0.720542
53.758101

0.721145
53.753262

0.721568
53.749847

0.721658
53.749123

0.721658
53.749123

0.721667
53.749051

0.721667
53.749051

0.721667
53.749051

0.721901
53.745453

0.723060
53.722683

0.723510
53.711701

0.724473
53.685159

0.725484
53.652694

0.726563
53.612807

0.727931
53.555710

0.728023
53.551467

0.728023
53.551467

0.728023
53.551467

0.728039
53.550377

0.728143
53.541699

0.728247
53.531412

0.728376
53.517163

0.728930
53.445235

0.729294
53.382198

0.729636
53.305593

0.729892
53.226190

0.730112
53.106022

0.730137
53.026017

0.730096
52.945342

0.730008
52.865292

0.729812
52.745736

0.729728
52.705792

0.729540
52.626566

0.729334
52.547112

0.729117
52.467798

0.728770
52.348612

0.728523
52.269202

0.728265
52.190476

0.727859
52.072078

0.727719
52.032352

0.727069
51.834658

0.727023
51.753983

0.727039
51.714412

0.727211
51.594086

0.727469
51.515386

0.727829
51.437187

0.728513
51.322476

0.729065
51.247089

0.729654
51.173155

0.729965
51.136056

0.730926
51.026304

0.731596
50.954175

0.732289
50.881897

0.732996
50.809640

0.734067
50.702797

0.734790
50.631694

0.735521
50.560758

0.736264
50.489384

0.737005
50.418671

0.737753
50.347758

0.738505
50.276927

0.739032
50.227641

0.739090
50.222202

0.739097
50.221598

0.739097
50.221598

0.739097
50.221598

0.739097
50.221598

0.739097
50.221598

0.739097
50.221598

0.739097
50.221598

0.739111
50.220436

0.739357
50.203729

0.740603
50.131186

0.741762
50.075086

0.742990
50.023051

0.744281
49.975527

0.746320
49.911185

0.747738
49.873307

0.749173
49.837906

0.750637
49.804144

0.751369
49.787994

0.753591
49.740801

0.755098
49.710405

0.756601
49.681038

0.758099
49.652493

0.760376
49.610126

0.761892
49.582597

0.763421
49.555250

0.764962
49.528091

0.767248
49.488168

0.768012
49.475034

0.769539
49.448752

0.771078
49.422413

0.772609
49.396404

0.774919
49.357485

0.776455
49.332016

0.777993
49.306723

0.779534
49.281605

0.781857
49.244076

0.783402
49.219309

0.784174
49.206978

0.785730
49.182299

0.788063
49.145672

0.789624
49.121542

0.791179
49.097908

0.792744
49.074193

0.795079
49.039070

0.796639
49.015853

0.798210
48.992676

0.799783
48.969751

0.801348
48.947202

0.802924
48.924624

0.804492
48.902316

0.806072
48.880051

0.807652
48.857910

0.809427
48.833295

0.809503
48.832233

0.809503
48.832233

0.809503
48.832233

0.809503
48.832233

0.809503
48.832233

0.809503
48.832233

0.809591
48.831337

0.809826
48.829353

0.810866
48.823627

0.813286
48.817852

0.814927
48.818621

0.816567
48.821607

0.818210
48.826150

0.820677
48.835354

0.822301
48.843050

0.823932
48.851655

0.825577
48.860841

0.827201
48.870477

0.829639
48.885594

0.830451
48.890840

0.832077
48.901752

0.833692
48.912910

0.836140
48.930267

0.837762
48.941935

0.839386
48.953753

0.841007
48.965618

0.842627
48.977611

0.845050
48.995895

0.846658
49.008258

0.848268
49.020831

0.849084
49.027254

0.851493
49.046411

0.853116
49.059492

0.854723
49.072514

0.856357
49.085953

0.857961
49.099532

0.860373
49.120204

0.861966
49.134020

0.863576
49.148122

0.865185
49.162291

0.867589
49.183730

0.868392
49.190988

0.870001
49.205686

0.871597
49.220458

0.873985
49.242689

0.875581
49.257802

0.877174
49.273013

0.878777
49.288527

0.881169
49.312021

0.882760
49.327939

0.883537
49.335762

0.884926
49.349824

0.885857
49.359411

0.885948
49.360329

0.885948
49.360329

0.885948
49.360329

0.885948
49.360329

0.886219
49.363101

0.887242
49.371931

0.888813
49.382373

0.890430
49.390731

0.892050
49.397131

0.894480
49.404475

0.895292
49.406195

0.896905
49.409029

0.898535
49.411224

0.900156
49.412860

0.902604
49.414863

0.904212
49.415955

0.905840
49.417007

0.907467
49.417756

0.909902
49.419031

0.910711
49.419458

0.912338
49.420414

0.913963
49.421439

0.916398
49.423311

0.918035
49.424920

0.919632
49.426557

0.921258
49.428415

0.923682
49.431460

0.925309
49.433768

0.926935
49.436268

0.928551
49.438944

0.930177
49.442015

0.932591
49.446232

0.933398
49.447626

0.935023
49.450653

0.936638
49.453790

0.939070
49.458822

0.940704
49.462449

0.942329
49.466188

0.943942
49.470032

0.946353
49.476198

0.947131
49.478130

0.948576
49.481640

0.949757
49.484578

0.950691
49.486990

0.951802
49.489975

0.952343
49.491420

0.952618
49.492128

0.952618
49.492128

0.952618
49.492128

0.952618
49.492128

0.952618
49.492128

0.952618
49.492128

0.952618
49.492128

0.952618
49.492128

0.952628
49.492136

0.952638
49.492114

0.952638
49.492114

0.952686
49.491700

0.953077
49.487079

0.954726
49.461182

0.956069
49.433243

0.957535
49.397217

0.959637
49.336200

0.960308
49.313310

0.961608
49.264551

0.962864
49.213122

0.964698
49.132892

0.965872
49.077914

0.967036
49.021489

0.968189
48.964457

0.969905
48.878155

0.971040
48.820132

0.971610
48.790770

0.972737
48.732290

0.974410
48.645029

0.975527
48.585888

0.976642
48.526132

0.978291
48.436453

0.979375
48.376023

0.979921
48.345236

0.980994
48.284219

0.982062
48.223266

0.983658
48.130527

0.984685
48.067428

0.985664
48.003385

0.986254
47.961306

0.986343
47.954911

0.986367
47.953214

0.986373
47.952814

0.986378
47.952414

0.986378
47.952414

0.986384
47.952013

0.986391
47.951428

0.986401
47.950577

0.986401
47.950577

0.986401
47.950577

0.986401
47.950577

0.986401
47.950577

0.986413
47.946250

0.986442
47.924451

0.986442
47.893901

0.986393
47.858010

0.986220
47.798644

0.985997
47.753534

0.985675
47.703387

0.985550
47.686945

0.985550
47.686945

0.985550
47.686945

0.985550
47.686945

0.985550
47.686945

0.985550
47.686945

0.985550
47.686945

0.985548
47.686471

0.985539
47.684024

0.985533
47.682479

0.985524
47.680092

0.985470
47.667411

0.985350
47.645067

0.985155
47.615014

0.984702
47.554788

0.984454
47.525746

0.984177
47.495219

0.983899
47.466163

0.983202
47.397082

0.982444
47.325551

0.981751
47.262401

0.981353
47.227910

0.980997
47.198917

0.980355
47.154481

0.980348
47.154126

0.980331
47.153315

0.980323
47.153004

0.980181
47.148435

0.979575
47.131414

0.978286
47.101026

0.977782
47.091308

0.976629
47.072322

0.975257
47.054472

0.973659
47.038977

0.971111
47.022738

0.969479
47.017459

0.967951
47.014848

0.966516
47.014004

0.964143
47.014676

0.963287
47.015676

0.961566
47.018415

0.959854
47.021397

0.957297
47.024756

0.955936
47.025701

0.955720
47.026154

0.955616
47.026231

0.955585
47.026252

0.955585
47.026252

0.955585
47.026252

0.955585
47.026252

0.955544
47.026306

0.955513
47.026420

0.955503
47.026485

0.955503
47.026485

0.955503
47.026485

0.955503
47.026485

0.955503
47.026485

0.955481
47.027027

0.955473
47.027300

0.955453
47.028005

0.955401
47.029984

0.955401
47.029984

0.955401
47.029984

0.955401
47.029984

0.955401
47.029984

0.955401
47.029984

0.955401
47.029984

0.955393
47.030290

0.955377
47.030916

0.955317
47.033642

0.954498
47.076561

0.953524
47.138437

0.952588
47.206795

0.951748
47.276673

0.950968
47.348276

0.950468
47.396142

0.950449
47.398107

0.950381
47.404507

0.950381
47.404507

0.950381
47.404507

0.950381
47.404507

0.950381
47.404507

0.950381
47.404507

0.950373
47.404806

0.950373
47.404806

0.950364
47.405050

0.950355
47.405252

0.950044
47.411001

0.949011
47.426485

0.946625
47.453821

0.944950
47.465528

0.944096
47.469504

0.942402
47.473460

0.940700
47.472237

0.938182
47.462500

0.936516
47.449763

0.934843
47.434298

0.933191
47.416959

0.930717
47.388329

0.929078
47.367639

0.927445
47.346338

0.926627
47.335565

0.924172
47.302557

0.922543
47.280023

0.920914
47.257380

0.919269
47.234281

0.916833
47.199833

0.915206
47.176775

0.913578
47.153782

0.911949
47.130915

0.909483
47.096593

0.908663
47.085193

0.907029
47.062526

0.905380
47.039403

0.903757
47.015510

0.901979
46.988162

0.901917
46.987202

0.901917
46.987202

0.901917
46.987202

0.901917
46.987202

0.901917
46.987202

0.901917
46.987202

0.901829
46.985832

0.901173
46.975286

0.901150
46.974904

0.900872
46.970217

0.900413
46.961571

0.900114
46.955009

0.898994
46.927511

0.898167
46.904536

0.897244
46.877845

0.896226
46.846909

0.895106
46.810811

0.893253
46.746822

0.892571
46.722388

0.891205
46.673088

0.889861
46.624120

0.887456
46.533991

0.887012
46.514154

0.886268
46.477584

0.885502
46.434571

0.884376
46.361547

0.884009
46.333494

0.883298
46.272740

0.882302
46.170961

0.881743
46.096540

0.881281
46.019090

0.880925
45.940051

0.880582
45.821302

0.880531
45.781008

0.880502
45.700519

0.880544
45.620153

0.880632
45.549297

0.880662
45.524406

0.880667
45.520971

0.880669
45.519519

0.880670
45.519036

0.880672
45.517584

0.880673
45.517099

0.880673
45.517099

0.880673
45.516615

0.880673
45.516615

0.880673
45.516615

0.880673
45.516615

0.880673
45.516615

0.880669
45.516163

0.880664
45.515732

0.880664
45.515732

0.880656
45.515144

0.880656
45.515144

0.880649
45.514785

0.880642
45.514438

0.880642
45.514438

0.880633
45.514137

0.880624
45.513875

0.880624
45.513875

0.880624
45.513875

0.880624
45.513875

0.880624
45.513875

0.880225
45.510050

0.879999
45.508950

0.878912
45.506533

0.878098
45.506518

0.876318
45.510501

0.873674
45.525406

0.871958
45.542753

0.870243
45.564188

0.868558
45.587955

0.866048
45.625853

0.864374
45.652055

0.861877
45.690666

0.860207
45.715116

0.859363
45.726426

0.856816
45.756182

0.855962
45.763657

0.854223
45.775898

0.852485
45.785050

0.849867
45.794043

0.848112
45.795162

0.846360
45.791851

0.843736
45.779929

0.842078
45.767015

0.841289
45.759758

0.839979
45.746357

0.839627
45.743000

0.839580
45.742499

0.839569
45.742391

0.839555
45.742237

0.839534
45.742034

0.839486
45.741659

0.839476
45.741613

0.839476
45.741613

0.839114
45.742214

0.838229
45.744310

0.837565
45.745159

0.836791
45.745251

0.835098
45.741720

0.833354
45.733699

0.830766
45.716263

0.829038
45.700980

0.827321
45.683307

0.825615
45.663749

0.823917
45.642783

0.822591
45.625674

0.822581
45.625541

0.822581
45.625541

0.822581
45.625541

0.822570
45.625409

0.822550
45.625153

0.822550
45.625153

0.822550
45.625153

0.822539
45.625117

0.822539
45.625117

0.822539
45.625117

0.822539
45.625117

0.822529
45.625209

0.822519
45.625331

0.822509
45.625500

0.822509
45.625500

0.822509
45.625500

0.822496
45.625841

0.822496
45.625841

0.822487
45.626147

0.822487
45.626147

0.822487
45.626147

0.822487
45.626147

0.822487
45.626147

0.822487
45.626147

0.822483
45.626582

0.822483
45.626582

0.822479
45.627041

0.822476
45.627510

0.822476
45.627510

0.822475
45.627991

0.822475
45.629445

0.822480
45.636733

0.822565
45.678850

0.822974
45.792781

0.823415
45.871087

0.823964
45.947230

0.824621
46.022072

0.825368
46.094610

0.826600
46.201259

0.827486
46.270182

0.828404
46.338452

0.829350
46.406553

0.830299
46.473478

0.831268
46.540971

0.832236
46.606860

0.833213
46.672688

0.834195
46.738557

0.835677
46.837496

0.836666
46.903266

0.837654
46.968510

0.838607
47.031676

0.838820
47.045852

0.838826
47.046247

0.838826
47.046247

0.838826
47.046247

0.838832
47.046643

0.838838
47.047039

0.838886
47.049706

0.839298
47.070078

0.840320
47.114416

0.842309
47.190545

0.843689
47.237382

0.845096
47.282465

0.846525
47.326650

0.847941
47.369236

0.850106
47.433054

0.850831
47.454036

0.852280
47.495579

0.853751
47.537255

0.855919
47.598682

0.857373
47.639612

0.858816
47.680032

0.860265
47.720584

0.861712
47.761236

0.863873
47.822146

0.865323
47.863083

0.866049
47.883618

0.867495
47.924654

0.869642
47.986105

0.871082
48.027389

0.872513
48.068576

0.873937
48.109653

0.875371
48.151127

0.877508
48.213323

0.878928
48.254950

0.880345
48.296674

0.881755
48.338339

0.883879
48.401451

0.884585
48.422417

0.885987
48.464370

0.887399
48.506778

0.888801
48.549131

0.890905
48.613068

0.892296
48.655503

0.893697
48.698344

0.895094
48.741233

0.897190
48.805913

0.898575
48.848878

0.899953
48.891777

0.900650
48.913547

0.902719
48.978380

0.904097
49.021713

0.905205
49.056639

0.905365
49.061682

0.905377
49.062053

0.905377
49.062053

0.905377
49.062053

0.905377
49.062053

0.905585
49.068578

0.907087
49.112547

0.907827
49.131289

0.909305
49.165692

0.910807
49.197605

0.912315
49.226996

0.914611
49.268565

0.916150
49.294563

0.917699
49.319885

0.919236
49.344659

0.920789
49.369304

0.923085
49.405072

0.924645
49.429211

0.926190
49.452877

0.926973
49.464855

0.929302
49.500701

0.930845
49.524489

0.932406
49.548717

0.933946
49.572740

0.935474
49.596802

0.937777
49.633206

0.939323
49.657831

0.940864
49.682521

0.942399
49.707243

0.944693
49.744607

0.945435
49.756709

0.946765
49.778553

0.947883
49.797041

0.948795
49.812193

0.949912
49.830682

0.950514
49.840646

0.951012
49.848890

0.951171
49.851530

0.951180
49.851683

0.951180
49.851683

0.951189
49.851836

0.951202
49.852011

0.951212
49.852112

0.951310
49.853138

0.951333
49.853314

0.951605
49.854205

0.952266
49.853358

0.953130
49.849466

0.954158
49.841446

0.955856
49.822386

0.956446
49.813905

0.957692
49.793854

0.959012
49.770370

0.960334
49.744736

0.962265
49.704524

0.963651
49.673697

0.965120
49.639916

0.967315
49.587817

0.968040
49.569955

0.969476
49.533373

0.970910
49.495919

0.974332
49.396672

0.975377
49.355168

0.977002
49.280631

0.978034
49.225676

0.980045
49.103980

0.980272
49.084552

0.980407
49.071860

0.980407
49.071860

0.980407
49.071860

0.980407
49.071860

0.980407
49.071860

0.980407
49.071860

0.980407
49.071860

0.980407
49.071860

0.980407
49.071860

0.980409
49.071382

0.980409
49.071382

0.980409
49.071382

0.980408
49.070898

0.980406
49.069935

0.980406
49.069935

0.980403
49.069466

0.980403
49.069466

0.980400
49.069011

0.980396
49.068574

0.980299
49.060742

0.979796
49.025297

0.978613
48.953381

0.978541
48.949611

0.978308
48.936736

0.977936
48.914899

0.977507
48.885075

0.977046
48.848405

0.976565
48.805390

0.975879
48.738897

0.975444
48.692924

0.974830
48.626065

0.974178
48.554775

0.973625
48.497066

0.972760
48.414238

0.972054
48.357628

0.971692
48.331480

0.971259
48.302755

0.971259
48.302755

0.971259
48.302755

0.971259
48.302755

0.971259
48.302755

0.971259
48.302755

0.971250
48.302255

0.971180
48.299055

0.970714
48.280318

0.968941
48.218023

0.967515
48.174174

0.966083
48.132722

0.964643
48.093057

0.962439
48.035325

0.960949
47.997789

0.959463
47.961397

0.957968
47.925603

0.957204
47.907607

0.954932
47.854965

0.953413
47.820376

0.951901
47.786455

0.950378
47.752574

0.948089
47.702039

0.946560
47.668436

0.945028
47.635111

0.943494
47.601843

0.941954
47.568537

0.939653
47.518850

0.938887
47.502403

0.937346
47.469415

0.935808
47.436568

0.933490
47.387351

0.931943
47.354646

0.930390
47.321852

0.928844
47.289345

0.927287
47.256778

0.924962
47.208447

0.923387
47.175906

0.921836
47.144003

0.920278
47.112067

0.918710
47.080019

0.917148
47.048370

0.915577
47.017039

0.914003
46.985880

0.912422
46.954864

0.910844
46.923939

0.908465
46.877546

0.906896
46.847050

0.905308
46.816336

0.903729
46.786101

0.901405
46.741868

0.900906
46.732416

0.900906
46.732416

0.900906
46.732416

0.900906
46.732416

0.900906
46.732416

0.900906
46.732416

0.900828
46.730948

0.900152
46.717579

0.898033
46.669412

0.896553
46.627764

0.895134
46.583118

0.893747
46.535945

0.892384
46.486687

0.890374
46.410700

0.889714
46.384774

0.888401
46.332362

0.887098
46.279359

0.885151
46.199200

0.883853
46.145041

0.882579
46.091652

0.881290
46.037407

0.879355
45.955938

0.878709
45.928748

0.877423
45.874582

0.876139
45.820740

0.874192
45.739332

0.872902
45.685553

0.871593
45.631181

0.870286
45.577098

0.868983
45.523250

0.867031
45.442923

0.865728
45.389389

0.864411
45.335475

0.863095
45.281849

0.861774
45.228001

0.859951
45.153882

0.859441
45.133178

0.858629
45.100339

0.857975
45.073948

0.857138
45.040213

0.856659
45.020993

0.856385
45.010039

0.856385
45.010039

0.856385
45.010039

0.856385
45.010039

0.856385
45.010039

0.856385
45.010039

0.856385
45.010039

0.856385
45.010039

0.856385
45.010039

0.856385
45.010039

0.856385
45.010039

0.856362
45.009132

0.854028
44.921743

0.852595
44.870926

0.851192
44.821665

0.849777
44.772433

0.848351
44.723735

0.846915
44.676170

0.845458
44.629133

0.843250
44.559851

0.841752
44.514501

0.840256
44.470127

0.838749
44.425827

0.836509
44.359680

0.835018
44.314130

0.833613
44.270302

0.833353
44.262170

0.833265
44.259400

0.833265
44.259400

0.833265
44.259400

0.833265
44.259400

0.833265
44.259400

0.833265
44.259400

0.833265
44.259400

0.833265
44.259400

0.833265
44.259400

0.833265
44.259400

0.833265
44.259400

0.833265
44.259400

0.833265
44.259400

0.833265
44.259400

0.833265
44.259400

0.833265
44.259400

0.833265
44.259400

0.833265
44.259400

0.833265
44.259400

0.833265
44.259400

0.833265
44.259400

0.833247
44.258841

0.833221
44.258068

0.833188
44.257135

0.833144
44.256126

0.833135
44.255907

0.833125
44.255691

0.833125
44.255691

0.833125
44.255691

0.833125
44.255691

0.833125
44.255691

0.833114
44.255696

0.833103
44.255747

0.833092
44.255830

0.833092
44.255830

0.833092
44.255830

0.833092
44.255830

0.833092
44.255830

0.833092
44.255830

0.833092
44.255830

0.833081
44.255934

0.833081
44.255934

0.832861
44.259554

0.831926
44.278020

0.830405
44.313676

0.828090
44.377995

0.826651
44.427031

0.825960
44.453081

0.824639
44.508234

0.823401
44.566917

0.821669
44.659130

0.820590
44.723322

0.819543
44.789303

0.818539
44.855765

0.817560
44.922984

0.816120
45.025408

0.815196
45.093382

0.814273
45.162575

0.812911
45.265937

0.812459
45.300601

0.811560
45.370357

0.810663
45.440151

0.809769
45.509130

0.808409
45.612157

0.807477
45.680276

0.806530
45.747857

0.805567
45.814923

0.804592
45.881590

0.803111
45.981707

0.802122
46.047411

0.801620
46.080633

0.800624
46.146444

0.799121
46.245239

0.798122
46.310861

0.797125
46.376528

0.796131
46.442205

0.794644
46.540789

0.793661
46.606327

0.792682
46.671926

0.791696
46.738118

0.791208
46.771127

0.789744
46.870120

0.788760
46.936629

0.787780
47.002425

0.786810
47.067669

0.785837
47.133575

0.784375
47.232751

0.783404
47.298232

0.782426
47.363872

0.781445
47.429381

0.780467
47.494525

0.779001
47.592452

0.778027
47.657603

0.777045
47.723322

0.776557
47.756081

0.775096
47.854295

0.774119
47.920073

0.773153
47.984930

0.771684
48.082762

0.770691
48.147136

0.770195
48.178700

0.769183
48.242072

0.768150
48.305172

0.766586
48.398732

0.765535
48.460367

0.764629
48.513035

0.764460
48.522900

0.764460
48.522900

0.764460
48.522900

0.764460
48.522900

0.764460
48.522900

0.764460
48.522900

0.764460
48.522900

0.763968
48.552362

0.763248
48.600053

0.763011
48.616318

0.762917
48.622753

0.762842
48.627809

0.762596
48.643814

0.762231
48.665909

0.761732
48.694548

0.760438
48.766113

0.759325
48.826207

0.758491
48.870794

0.758373
48.877380

0.758325
48.879987

0.758301
48.881294

0.758301
48.881294

0.758301
48.881294

0.758285
48.882156

0.758275
48.882640

0.758257
48.883447

0.758257
48.883447

0.758257
48.883447

0.758257
48.883447

0.758257
48.883447

0.758248
48.883647

0.758239
48.883802

0.758239
48.883802

0.758239
48.883802

0.758229
48.883896

0.758229
48.883896

0.758219
48.883910

0.758209
48.883877

0.758200
48.883813

0.758169
48.883457

0.757799
48.878821

0.757636
48.876799

0.757571
48.875949

0.757558
48.875732

0.757545
48.875474

0.757545
48.875474

0.757545
48.875474

0.757545
48.875474

0.757545
48.875474

0.757537
48.875143

0.757531
48.874779

0.757525
48.874405

0.757525
48.874405

0.757525
48.874405

0.757525
48.874405

0.757525
48.874405

0.757525
48.874405

0.757525
48.874405

0.757525
48.874405

0.757524
48.873922

0.757524
48.873922

0.757524
48.873922

0.757524
48.873922

0.757525
48.873444

0.757525
48.873444

0.757525
48.873444

0.757525
48.873444

0.757544
48.871601

0.757623
48.864713

0.757864
48.846957

0.759095
48.769601

0.760230
48.710263

0.761436
48.654862

0.763337
48.576679

0.763994
48.551633

0.765299
48.503240

0.766626
48.454424

0.768598
48.381376

0.769905
48.331902

0.772588
48.220504

0.772945
48.201011

0.773201
48.186016

0.773218
48.184683

0.773223
48.184258

0.773241
48.181997

0.773267
48.178279

0.773356
48.161025

0.773680
48.070137

0.773820
47.989068

0.773847
47.949210

0.773820
47.869222

0.773602
47.749250

0.773302
47.669978

0.772903
47.591725

0.772153
47.476179

0.771542
47.400861

0.770827
47.328141

0.770052
47.257016

0.769200
47.186918

0.768267
47.120094

0.767261
47.055480

0.765668
46.961229

0.765114
46.930377

0.764023
46.871934

0.763747
46.857552

0.763740
46.857191

0.763740
46.857191

0.763740
46.857191

0.763740
46.857191

0.763725
46.856385

0.763399
46.839468

0.762530
46.795126

0.761956
46.766150

0.760763
46.706737

0.758985
46.619217

0.757789
46.561178

0.756577
46.502901

0.755377
46.445554

0.753567
46.359766

0.752343
46.302374

0.751123
46.245345

0.749891
46.188179

0.748661
46.131421

0.747429
46.074936

0.746192
46.018404

0.744958
45.962236

0.743096
45.877881

0.741840
45.821597

0.740591
45.765894

0.739327
45.709846

0.738061
45.654071

0.736157
45.570710

0.735517
45.542939

0.734238
45.487562

0.732954
45.432349

0.731021
45.349818

0.729725
45.294975

0.728432
45.240535

0.727123
45.185806

0.725826
45.131977

0.723845
45.050407

0.722528
44.996411

0.721209
44.942447

0.720548
44.915494

0.718647
44.838312

0.717632
44.797320

0.716863
44.766189

0.716237
44.740978

0.715464
44.710002

0.715130
44.696575

0.715094
44.695119

0.715094
44.695119

0.715094
44.695119

0.715094
44.695119

0.715086
44.694793

0.715086
44.694793

0.715086
44.694793

0.715086
44.694793

0.715086
44.694793

0.715086
44.694793

0.715086
44.694793

0.715086
44.694793

0.715065
44.694562

0.715065
44.694562

0.715050
44.694499

0.715039
44.694501

0.715039
44.694501

0.715029
44.694568

0.715029
44.694568

0.715029
44.694568

0.715029
44.694568

0.715019
44.694757

0.714812
44.699697

0.714540
44.706399

0.714540
44.706399

0.714540
44.706399

0.714540
44.706399

0.714540
44.706399

0.714540
44.706399

0.714530
44.706633

0.714509
44.707167

0.714443
44.709143

0.713975
44.725079

0.712903
44.767088

0.711133
44.846650

0.710818
44.863069

0.710705
44.869015

0.710653
44.871643

0.710636
44.872409

0.710619
44.873148

0.709810
44.900894

0.709163
44.913718

0.708389
44.927701

0.705831
44.967800

0.704120
44.991335

0.702418
45.014503

0.700711
45.038595

0.698177
45.076612

0.696508
45.104243

0.695674
45.118994

0.694030
45.150058

0.691609
45.201192

0.690204
45.235878

0.688221
45.291884

0.686779
45.338701

0.686105
45.363787

0.684915
45.412718

0.683424
45.483513

0.682403
45.539730

0.680463
45.651901

0.680044
45.674414

0.680034
45.674906

0.680034
45.674906

0.680034
45.674906

0.680026
45.675205

0.680026
45.675205

0.680026
45.675205

0.680026
45.675205

0.680026
45.675205

0.680026
45.675205

0.680026
45.675205

0.680026
45.675205

0.680026
45.675205

0.680026
45.675205

0.680026
45.675205

0.680026
45.675205

0.680026
45.675205

0.680017
45.675502

0.680017
45.675502

0.680017
45.675502

0.680017
45.675502

0.679991
45.676455

0.679972
45.677241

0.679964
45.677584

0.679964
45.677584

0.679956
45.678141

0.679950
45.678544

0.679945
45.678973

0.679940
45.679414

0.679937
45.679873

0.679937
45.679873

0.679937
45.679873

0.679937
45.679873

0.679937
45.679873

0.679937
45.680358

0.679937
45.680358

0.679937
45.680358

0.679939
45.680834

0.679939
45.680834

0.679942
45.681300

0.679942
45.681300

0.679942
45.681300

0.679943
45.681778

0.679945
45.682260

0.679945
45.682260

0.679943
45.682944

0.679943
45.682944

0.679941
45.683419

0.679941
45.683419

0.679941
45.683419

0.679941
45.683419

0.679941
45.683419

0.679929
45.684234

0.679897
45.686177

0.679803
45.691683

0.679723
45.695703

0.679624
45.700081

0.679525
45.703798

0.679418
45.707295

0.679280
45.711178

0.679241
45.712084

0.679182
45.713278

0.679143
45.713958

0.679061
45.715076

0.678831
45.717219

0.678034
45.721654

0.676459
45.725737

0.673807
45.724311

0.672927
45.720875

0.671178
45.710125

0.669456
45.694338

0.666895
45.662451

0.665250
45.634364

0.662841
45.584352

0.662060
45.564827

0.660553
45.523074

0.659082
45.478479

0.656931
45.407947

0.655530
45.358010

0.654157
45.306685

0.652805
45.254859

0.651459
45.202131

0.649465
45.122766

0.648800
45.096096

0.647472
45.042853

0.645463
44.962639

0.644119
44.909362

0.642777
44.855981

0.641430
44.802680

0.640085
44.749925

0.638047
44.670476

0.637364
44.644045

0.636219
44.599898

0.636006
44.591656

0.636006
44.591656

0.636006
44.591656

0.636006
44.591656

0.636006
44.591656

0.636006
44.591656

0.636006
44.591656

0.636006
44.591656

0.636006
44.591656

0.636006
44.591656

0.636006
44.591656

0.636006
44.591656

0.636006
44.591656

0.636006
44.591656

0.636006
44.591656

0.636006
44.591656

0.636006
44.591656

0.636006
44.591656

0.635866
44.586269

0.635622
44.577198

0.627565
44.301744

0.626795
44.279607

0.624512
44.213723

0.623763
44.191852

0.622247
44.147233

0.620734
44.102082

0.618491
44.033157

0.617018
43.985900

0.615550
43.937756

0.614082
43.888863

0.611909
43.815566

0.610466
43.766180

0.609738
43.741035

0.608302
43.691196

0.606875
43.641210

0.604726
43.565487

0.603285
43.514665

0.601843
43.464489

0.600401
43.413897

0.598249
43.337846

0.596807
43.286731

0.595381
43.236070

0.593952
43.185120

0.592524
43.134032

0.591072
43.082104

0.589635
43.030958

0.588199
42.980041

0.586037
42.903760

0.584607
42.853660

0.583146
42.802690

0.581689
42.752133

0.580229
42.701617

0.578030
42.625484

0.577297
42.599650

0.575852
42.548076

0.574433
42.496103

0.572315
42.416570

0.570913
42.362441

0.569507
42.307420

0.568125
42.253074

0.566049
42.170607

0.564664
42.115167

0.563971
42.087388

0.562597
42.032233

0.560532
41.948809

0.559187
41.892572

0.557179
41.806533

0.555872
41.747317

0.554614
41.686180

0.553423
41.623663

0.552291
41.558323

0.550257
41.422954

0.549388
41.351473

0.548656
41.277103

0.548034
41.201058

0.547510
41.123537

0.546858
41.006085

0.546548
40.927481

0.545906
40.648335

0.546017
40.568195

0.546259
40.488213

0.546443
40.449142

0.547031
40.340122

0.547103
40.326957

0.547142
40.321645

0.547176
40.317767

0.547176
40.317767

0.547176
40.317767

0.547176
40.317767

0.547181
40.317122

0.547181
40.317122

0.547186
40.316667

0.547190
40.316210

0.547190
40.316210

0.547204
40.314543

0.547214
40.313438

0.547220
40.312789

0.547220
40.312789

0.547220
40.312789

0.547220
40.312789

0.547236
40.310835

0.547240
40.310173

0.547242
40.309694

0.547244
40.309014

0.547246
40.308332

0.547246
40.308332

0.547245
40.307848

0.547245
40.307848

0.547091
40.282534

0.546637
40.223834

0.545918
40.148973

0.545542
40.111020

0.544792
40.036699

0.543644
39.925280

0.542872
39.850732

0.542152
39.781082

0.541857
39.752781

0.541852
39.752333

0.541852
39.752333

0.541852
39.752333

0.541852
39.752333

0.541852
39.752333

0.541852
39.752333

0.541852
39.752333

0.541844
39.751416

0.541844
39.751416

0.541844
39.751416

0.541844
39.751416

0.541844
39.751416

0.541843
39.750934

0.541843
39.750934

0.541842
39.750449

0.541843
39.749965

0.541844
39.749482

0.541844
39.749482

0.541846
39.749008

0.541849
39.748537

0.541849
39.748537

0.541853
39.748075

0.541858
39.747637

0.541858
39.747637

0.541858
39.747637

0.541858
39.747637

0.541871
39.746814

0.541871
39.746814

0.541871
39.746814

0.541871
39.746814

0.541871
39.746814

0.541871
39.746814

0.541871
39.746814

0.541871
39.746814

0.541881
39.746545

0.541993
39.743606

0.542781
39.723724

0.544354
39.688156

0.547093
39.633242

0.548939
39.600603

0.550827
39.569168

0.551771
39.553960

0.554606
39.509508

0.556513
39.480480

0.558416
39.452100

0.561275
39.409431

0.563184
39.380236

0.565077
39.350793

0.566980
39.320940

0.568868
39.289632

0.570730
39.257198

0.572591
39.223247

0.574440
39.188123

0.577190
39.134167

0.578999
39.097509

0.579914
39.078827

0.582648
39.022834

0.584479
38.985213

0.586300
38.947661

0.587580
38.920999

0.587776
38.916687

0.587825
38.915689

0.587836
38.915462

0.587836
38.915462

0.587847
38.915237

0.587847
38.915237

0.587880
38.914549

0.587912
38.913810

0.588041
38.910341

0.588767
38.888137

0.590899
38.813161

0.592342
38.754324

0.593708
38.694253

0.595051
38.632474

0.597003
38.539335

0.598291
38.475540

0.599558
38.411831

0.600195
38.379642

0.601448
38.315678

0.603328
38.219281

0.604578
38.154961

0.605833
38.090184

0.607090
38.025430

0.608988
37.928524

0.610248
37.864530

0.611523
37.800063

0.612803
37.735656

0.614080
37.671644

0.616011
37.575480

0.616658
37.543379

0.617956
37.479260

0.619249
37.415769

0.621209
37.320059

0.622514
37.256727

0.623833
37.192932

0.625157
37.129203

0.627148
37.033929

0.627817
37.002177

0.629146
36.939245

0.630487
36.876050

0.631835
36.813000

0.633867
36.718414

0.635223
36.655104

0.636577
36.592189

0.637942
36.529326

0.640002
36.435122

0.641385
36.372274

0.642762
36.310052

0.644151
36.247578

0.644849
36.216251

0.646945
36.122569

0.648339
36.060861

0.649671
36.002021

0.649931
35.990514

0.649931
35.990514

0.649931
35.990514

0.649931
35.990514

0.649931
35.990514

0.649931
35.990514

0.649931
35.990514

0.649942
35.989959

0.649942
35.989959

0.649942
35.989959

0.649950
35.989336

0.649950
35.989336

0.649953
35.988863

0.649958
35.987910

0.649960
35.987428

0.649960
35.986742

0.649960
35.986742

0.649894
35.964753

0.649872
35.940525

0.649875
35.906749

0.650067
35.786891

0.650406
35.707672

0.650633
35.667719

0.651487
35.551052

0.652237
35.474979

0.653060
35.400407

0.654382
35.289006

0.654841
35.252268

0.655767
35.178913

0.658128
34.996098

0.658576
34.959074

0.659003
34.922094

0.659806
34.847175

0.660899
34.733070

0.661224
34.694306

0.661818
34.617243

0.662362
34.538856

0.663082
34.420568

0.663482
34.341669

0.663839
34.262574

0.664131
34.183381

0.664382
34.103321

0.664500
34.060961

0.664506
34.058802

0.664506
34.058802

0.664506
34.058802

0.664506
34.058802

0.664511
34.057061

0.664648
34.007779

0.664748
33.972781

0.664977
33.893283

0.665217
33.812087

0.665458
33.732866

0.665834
33.612668

0.666089
33.532845

0.666348
33.453472

0.666606
33.373861

0.666861
33.293586

0.667236
33.174459

0.667493
33.094391

0.667753
33.015012

0.668023
32.934782

0.668292
32.854990

0.668557
32.775180

0.668819
32.695117

0.669084
32.615307

0.669355
32.535510

0.669762
32.416462

0.670036
32.336672

0.670313
32.256892

0.670596
32.177127

0.671016
32.057462

0.671152
32.017761

0.671416
31.937685

0.671681
31.858052

0.672084
31.738276

0.672356
31.658461

0.672631
31.578855

0.672913
31.498825

0.673342
31.379367

0.673626
31.300226

0.673769
31.260334

0.674055
31.180755

0.674344
31.100975

0.674780
30.981078

0.675073
30.901514

0.675368
30.822399

0.675668
30.742209

0.676120
30.622585

0.676422
30.543041

0.676726
30.463298

0.677034
30.383121

0.677341
30.303586

0.677638
30.227081

0.677911
30.157481

0.678051
30.121921

0.678055
30.120844

0.678055
30.120844

0.678055
30.120844

0.678055
30.120844

0.678066
30.118251

0.678165
30.092808

0.678223
30.077049

0.678252
30.066002

0.678247
30.054474

0.677944
29.974337

0.677116
29.855710

0.676355
29.778442

0.675499
29.702065

0.674588
29.627216

0.673125
29.514809

0.672097
29.441033

0.671026
29.367150

0.669924
29.293065

0.668796
29.220213

0.667625
29.147276

0.666418
29.075191

0.664535
28.968623

0.663203
28.898170

0.661823
28.828244

0.660423
28.759046

0.658990
28.690115

0.656790
28.587247

0.655286
28.519482

0.654533
28.485997

0.653013
28.418991

0.650690
28.318305

0.649116
28.251287

0.647536
28.184867

0.645940
28.118127

0.644345
28.051849

0.641940
27.952551

0.640319
27.886030

0.638696
27.820041

0.637060
27.753666

0.635421
27.687825

0.633767
27.621636

0.632124
27.555864

0.630468
27.490143

0.628793
27.424541

0.626250
27.326105

0.624540
27.260421

0.622834
27.195297

0.621111
27.129700

0.618542
27.032524

0.617680
27.000020

0.615938
26.934691

0.614638
26.886393

0.614366
26.876977

0.614299
26.874476

0.614288
26.874083

0.614288
26.874083

0.614277
26.873690

0.614267
26.873297

0.614267
26.873297

0.614252
26.872741

0.614241
26.872348

0.614241
26.872348

0.614231
26.871955

0.614220
26.871562

0.614220
26.871562

0.614205
26.871006

0.614205
26.871006

0.614195
26.870614

0.614184
26.870220

0.614184
26.870220

0.614173
26.869828

0.614158
26.869272

0.614158
26.869272

0.614148
26.868880

0.614148
26.868880

0.614137
26.868487

0.614127
26.868095

0.614127
26.868095

0.614105
26.867309

0.614105
26.867309

0.614095
26.866916

0.614095
26.866916

0.614095
26.866916

0.614084
26.866523

0.614084
26.866523

0.614084
26.866523

0.614074
26.866130

0.614074
26.866130

0.614074
26.866130

0.614074
26.866130

0.614059
26.865574

0.614059
26.865574

0.614059
26.865574

0.614048
26.865181

0.614048
26.865181

0.614038
26.864789

0.614038
26.864789

0.614038
26.864789

0.614027
26.864396

0.614027
26.864396

0.614027
26.864396

0.614006
26.863610

0.614006
26.863610

0.614006
26.863610

0.614006
26.863610

0.614006
26.863610

0.613995
26.863218

0.613995
26.863218

0.613995
26.863218

0.613995
26.863218

0.613995
26.863218

0.613790
26.855570

0.613358
26.838392

0.612748
26.811080

0.612412
26.793298

0.612112
26.776139

0.611823
26.758345

0.611112
26.712143

0.610456
26.667436

0.609913
26.629861

0.609467
26.598560

0.608942
26.561293

0.608853
26.554927

0.608821
26.552654

0.608815
26.552198

0.608808
26.551744

0.608790
26.550375

0.608763
26.547976

0.608731
26.544131

0.608715
26.541513

0.608713
26.541029

0.608714
26.540544

0.608720
26.537721

0.608793
26.520867

0.609049
26.484761

0.609352
26.456949

0.609771
26.426298

0.610323
26.392988

0.610967
26.360223

0.611963
26.316459

0.612648
26.290155

0.613326
26.265669

0.613660
26.254049

0.614472
26.226583

0.614472
26.226583

0.614472
26.226583

0.614472
26.226583

0.614472
26.226583

0.614472
26.226583

0.614472
26.226583

0.614541
26.224305

0.614964
26.210250

0.615137
26.202909

0.615217
26.198958

0.615413
26.188484

0.615459
26.185272

0.615505
26.181684

0.615697
26.163111

0.615846
26.143024

0.616204
26.076166

0.616440
25.995026

0.616457
25.874135

0.616185
25.793699

0.615740
25.713449

0.615180
25.634757

0.614168
25.516830

0.613786
25.477414

0.612975
25.399480

0.612123
25.321935

0.611238
25.244660

0.609868
25.128893

0.608927
25.052137

0.607973
24.975991

0.606997
24.899501

0.605520
24.785052

0.605020
24.746632

0.604023
24.670233

0.602512
24.555433

0.600060
24.363729

0.599195
24.286143

0.598825
24.247214

0.598197
24.168175

0.597722
24.088514

0.597387
24.008542

0.597105
23.901055

0.597087
23.888630

0.597086
23.888146

0.597086
23.888146

0.597086
23.888146

0.597086
23.888146

0.597086
23.888146

0.597086
23.888146

0.597086
23.888146

0.597086
23.888146

0.597086
23.888146

0.597086
23.888146

0.597086
23.888146

0.597086
23.888146

0.597086
23.888146

0.597086
23.888146

0.597086
23.888146

0.597086
23.888146

0.597086
23.888146

0.597086
23.888146

0.597086
23.888146

0.597086
23.888146

0.597032
23.853760

0.597044
23.746165

0.597183
23.705729

0.598124
23.505196

0.598545
23.425676

0.598733
23.385971

0.599243
23.266369

0.599633
23.145901

0.599721
23.105371

0.599869
22.985114

0.599842
22.904603

0.599798
22.864084

0.599702
22.803667

0.599678
22.795532

0.599671
22.791498

0.599670
22.790813

0.599670
22.790813

0.599670
22.790813

0.599670
22.790813

0.599670
22.790813

0.599669
22.790328

0.599669
22.790328

0.599669
22.790328

0.599668
22.789843

0.599668
22.789843

0.599667
22.789359

0.599667
22.789359

0.599667
22.789359

0.599666
22.788874

0.599666
22.788874

0.599666
22.788874

0.599666
22.788389

0.599666
22.788389

0.599664
22.787420

0.599663
22.786935

0.599663
22.786935

0.599663
22.786935

0.599662
22.786451

0.599662
22.786451

0.599662
22.786451

0.599662
22.786451

0.599662
22.786451

0.599662
22.786451

0.599661
22.785966

0.599661
22.785482

0.599661
22.785482

0.599661
22.785482

0.599661
22.785482

0.599661
22.785482

0.599661
22.785482

0.599661
22.785482

0.599661
22.785482

0.599660
22.784997

0.599660
22.784997

0.599657
22.783827

0.599653
22.782175

0.599647
22.781214

0.599632
22.779800

0.599619
22.778872

0.599604
22.777966

0.599596
22.777521

0.599596
22.777521

0.599596
22.777521

0.599414
22.771921

0.598444
22.745790

0.596890
22.709151

0.594177
22.654031

0.591983
22.617494

0.589305
22.579030

0.586213
22.538212

0.581591
22.477452

0.578500
22.436408

0.576952
22.415805

0.573878
22.374942

0.569231
22.313171

0.566125
22.271941

0.563011
22.231039

0.559899
22.190390

0.555199
22.129684

0.552018
22.088987

0.548868
22.049049

0.545706
22.009330

0.542520
21.969750

0.539331
21.930637

0.536120
21.891612

0.532851
21.852409

0.529628
21.813976

0.524777
21.756808

0.521514
21.718812

0.518235
21.680992

0.514964
21.643757

0.510013
21.588241

0.508351
21.569732

0.505026
21.533130

0.501706
21.496946

0.498359
21.460820

0.493323
21.407423

0.489945
21.372015

0.486563
21.336573

0.483155
21.301093

0.478052
21.248681

0.474913
21.216824

0.473515
21.202758

0.471168
21.179193

0.468396
21.151574

0.466903
21.136823

0.465615
21.124201

0.464764
21.115920

0.464596
21.114288

0.464596
21.114288

0.464596
21.114288

0.464596
21.114288

0.464596
21.114288

0.464596
21.114288

0.464596
21.114288

0.464596
21.114288

0.464596
21.114288

0.464596
21.114288

0.464596
21.114288

0.464596
21.114288

0.464596
21.114288

0.464596
21.114288

0.464596
21.114288

0.464596
21.114288

0.464596
21.114288

0.464596
21.114288

0.464596
21.114288

0.464596
21.114288

0.464596
21.114288

0.464596
21.114288

0.464596
21.114288

0.464596
21.114288

0.464596
21.114288

0.464596
21.114288

0.464596
21.114288

0.464596
21.114288

0.464596
21.114288

0.464575
21.114085

0.464495
21.113285

0.464426
21.112505

0.464398
21.112153

0.464398
21.112153

0.464186
21.108131

0.463044
21.083654

0.460862
21.030523

0.457356
20.932966

0.455334
20.865029

0.453514
20.794339

0.451907
20.721353

0.451185
20.683794

0.449283
20.569761

0.448237
20.491641

0.447317
20.413819

0.446534
20.334983

0.445928
20.255109

0.445278
20.135449

0.445007
20.055579

0.444804
19.974938

0.444655
19.894623

0.444496
19.773802

0.444435
19.693793

0.444396
19.613531

0.444369
19.532764

0.444360
19.492506

0.444359
19.371893

0.444367
19.291948

0.444374
19.211180

0.444382
19.131078

0.444388
19.010211

0.444389
18.929442

0.444387
18.849341

0.444389
18.768985

0.444393
18.689296

0.444405
18.568842

0.444410
18.528584

0.444404
18.448482

0.444403
18.368126

0.444405
18.248182

0.444413
18.167824

0.444422
18.087469

0.444430
18.007114

0.444453
17.886660

0.444469
17.808720

0.444478
17.774275

0.444499
17.717878

0.444520
17.672535

0.444543
17.620711

0.444552
17.594338

0.444555
17.581277

0.444555
17.580792

0.444555
17.580792

0.444555
17.580792

0.444555
17.580792

0.444555
17.580792

0.444555
17.580792

0.444555
17.580792

0.444555
17.580792

0.444555
17.580792

0.444555
17.580792

0.444550
17.579624

0.444328
17.558815

0.443517
17.503041

0.442190
17.426361

0.440691
17.349708

0.438276
17.237174

0.436515
17.162382

0.435623
17.125651

0.433776
17.051564

0.430924
16.941151

0.428968
16.867959

0.426982
16.794995

0.424963
16.722227

0.422907
16.649145

0.419683
16.540733

0.417229
16.472256

0.414462
16.406338

0.411401
16.343352

0.406414
16.254739

0.404653
16.227098

0.400995
16.173196

0.397207
16.120885

0.393352
16.070240

0.387429
15.995954

0.383408
15.947893

0.379324
15.900406

0.375226
15.853751

0.371071
15.807302

0.364794
15.738758

0.360576
15.693575

0.356358
15.648928

0.352081
15.604269

0.347790
15.559935

0.343499
15.516138

0.339134
15.472131

0.334774
15.428565

0.330389
15.385294

0.323759
15.320954

0.319334
15.278778

0.314848
15.236630

0.310343
15.194928

0.305805
15.153452

0.298967
15.091752

0.296670
15.071368

0.292067
15.030921

0.287466
14.991024

0.280459
14.931426

0.275756
14.892139

0.271038
14.853263

0.266312
14.814858

0.261534
14.776571

0.254354
14.720229

0.249538
14.683112

0.244669
14.646180

0.239763
14.609579

0.234868
14.573721

0.227781
14.522613

0.225713
14.507882

0.222354
14.484154

0.219749
14.465913

0.217663
14.451446

0.217010
14.446961

0.217010
14.446961

0.217010
14.446961

0.217010
14.446961

0.217010
14.446961

0.217010
14.446961

0.217010
14.446961

0.217010
14.446961

0.217010
14.446961

0.217010
14.446961

0.217010
14.446961

0.217010
14.446961

0.217010
14.446961

0.217010
14.446961

0.217010
14.446961

0.217010
14.446961

0.217010
14.446961

0.216980
14.446753

0.216980
14.446753

0.216980
14.446753

0.216950
14.446545

0.216919
14.446337

0.216889
14.446129

0.216889
14.446129

0.216889
14.446129

0.216859
14.445920

0.216859
14.445920

0.216859
14.445920

0.216859
14.445920

0.216816
14.445625

0.216816
14.445625

0.216816
14.445625

0.216786
14.445417

0.216786
14.445417

0.216786
14.445417

0.216755
14.445209

0.216712
14.444914

0.216712
14.444914

0.216712
14.444914

0.216712
14.444914

0.216682
14.444705

0.216652
14.444497

0.216652
14.444497

0.216591
14.444082

0.216591
14.444082

0.216591
14.444082

0.216561
14.443873

0.216561
14.443873

0.216561
14.443873

0.216561
14.443873

0.216561
14.443873

0.216530
14.443664

0.216500
14.443456

0.216500
14.443456

0.216500
14.443456

0.216470
14.443248

0.216470
14.443248

0.216470
14.443248

0.216470
14.443248

0.216470
14.443248

0.216115
14.440817

0.213607
14.424642

0.208804
14.397866

0.203487
14.372859

0.198038
14.351079

0.189847
14.323573

0.184317
14.308582

0.178778
14.295348

0.173231
14.283303

0.167650
14.272148

0.159226
14.257057

0.156421
14.252408

0.150795
14.243682

0.145161
14.235713

0.136749
14.224766

0.131111
14.216646

0.125729
14.205757

0.120670
14.192918

0.115925
14.178824

0.109215
14.156682

0.104323
14.139139

0.098794
14.118643

0.096043
14.108277

0.087794
14.077100

0.082242
14.056067

0.076723
14.035271

0.071193
14.014665

0.065588
13.994086

0.057341
13.964710

0.052605
13.948327

0.048621
13.934723

0.045188
13.923239

0.041049
13.909683

0.039907
13.905991

0.038184
13.900454

0.037769
13.899130

0.037769
13.899130

0.037769
13.899130

0.037769
13.899130

0.037769
13.899130

0.037769
13.899130

0.037769
13.899130

0.037769
13.899130

0.037769
13.899130

0.037769
13.899130

0.037769
13.899130

0.037769
13.899130

0.037769
13.899130

0.037769
13.899130

0.037769
13.899130

0.037769
13.899130

0.037769
13.899130

0.037769
13.899130

0.037769
13.899130

0.037769
13.899130

0.037769
13.899130

0.037769
13.899130

0.037769
13.899130

0.037769
13.899130

0.037769
13.899130

0.037769
13.899130

0.037769
13.899130

0.037769
13.899130

0.037769
13.899130

0.037769
13.899130

0.037769
13.899130

0.037769
13.899130

0.037769
13.899130

0.037769
13.899130

0.037769
13.899130

0.037693
13.898887

0.036074
13.893891

0.031672
13.881866

0.025969
13.868346

0.017360
13.850767

0.011590
13.841100

0.005824
13.832346

0.000033
13.824337

-0.005767
13.817038

-0.014488
13.807353

-0.020290
13.801972

-0.026098
13.797117

-0.031925
13.792715

-0.037740
13.788793

-0.046515
13.783761

-0.052336
13.780887

-0.055279
13.779612

-0.061072
13.777328

-0.066929
13.775491

-0.075701
13.773622

-0.081482
13.772849

-0.087342
13.772535

-0.090793
13.772935

-0.091269
13.773025

-0.091347
13.773029

-0.091397
13.773032

-0.091397
13.773032

-0.091397
13.773032

-0.091432
13.773033

-0.091467
13.773035

-0.091503
13.773036

-0.091503
13.773036

-0.091503
13.773036

-0.091503
13.773036

-0.091538
13.773036

-0.091538
13.773036

-0.091573
13.773038

-0.091573
13.773038

-0.091608
13.773038

-0.091608
13.773038

-0.091608
13.773038

-0.091608
13.773038

-0.091608
13.773038

-0.091644
13.773039

-0.091679
13.773042

-0.091679
13.773042

-0.091714
13.773042

-0.091714
13.773042

-0.091714
13.773042

-0.091714
13.773042

-0.091843
13.773036

-0.092040
13.772912

-0.092040
13.772912

-0.092074
13.772837

-0.092074
13.772837

-0.092074
13.772837

-0.092074
13.772837

-0.092074
13.772837

-0.092074
13.772837

-0.092074
13.772837

-0.092113
13.772405

-0.092249
13.770685

-0.092330
13.769464

-0.092402
13.768244

-0.092450
13.767285

-0.092477
13.766703

-0.092514
13.765747

-0.092830
13.755648

-0.093323
13.736578

-0.093791
13.713781

-0.094388
13.674164

-0.094640
13.643149

-0.094758
13.608658

-0.094715
13.574823

-0.094457
13.527761

-0.094179
13.498540

-0.094021
13.484436

-0.093646
13.454181

-0.093256
13.424107

-0.093237
13.422675

-0.093195
13.419587

-0.093166
13.417454

-0.093120
13.413925

-0.093016
13.402483

-0.092996
13.394897

-0.093001
13.390560

-0.093058
13.379420

-0.093124
13.373962

-0.093213
13.368938

-0.093296
13.365296

-0.093424
13.360814

-0.093517
13.358269

-0.093649
13.355243

-0.093739
13.353444

-0.093808
13.352214

-0.094006
13.349015

-0.094172
13.346769

-0.094339
13.344805

-0.094426
13.343928

-0.094642
13.342046

-0.094803
13.340918

-0.094936
13.340125

-0.095038
13.339627

-0.095186
13.339042

-0.095378
13.338488

-0.095458
13.338336

-0.095654
13.338088

-0.095900
13.338010

-0.096062
13.338168

-0.096193
13.338418

-0.096352
13.338859

-0.096451
13.339226

-0.096623
13.340048

-0.096716
13.340625

-0.096749
13.340851

-0.096905
13.342105

-0.096971
13.342732

-0.097038
13.343488

-0.097128
13.344629

-0.097177
13.345346

-0.097221
13.346123

-0.097322
13.348228

-0.097395
13.349906

-0.098003
13.365903

-0.100638
13.451121

-0.102431
13.528961

-0.103813
13.607466

-0.104800
13.687169

-0.105393
13.767272

-0.105742
13.887977

-0.105611
13.968279

-0.105329
14.048373

-0.104926
14.128692

-0.104122
14.249094

-0.103784
14.289025

-0.103022
14.368620

-0.102133
14.448005

-0.101123
14.526797

-0.099450
14.645282

-0.098257
14.723579

-0.097029
14.801998

-0.095781
14.880650

-0.093890
14.997552

-0.092625
15.075341

-0.091340
15.153686

-0.090058
15.231683

-0.089418
15.270642

-0.087424
15.386784

-0.085900
15.463876

-0.084192
15.539741

-0.082279
15.614712

-0.079070
15.723899

-0.076646
15.794414

-0.074026
15.863822

-0.071346
15.931361

-0.068577
15.998620

-0.064364
16.098217

-0.062926
16.131242

-0.060048
16.196427

-0.057159
16.261353

-0.052798
16.358929

-0.049909
16.423313

-0.046999
16.488408

-0.044118
16.553171

-0.041262
16.618105

-0.037048
16.715295

-0.034239
16.780769

-0.031478
16.845839

-0.028703
16.911693

-0.025965
16.977084

-0.023248
17.042375

-0.020525
17.108469

-0.017865
17.173643

-0.015189
17.239829

-0.011232
17.338862

-0.008622
17.404756

-0.006011
17.471292

-0.003420
17.537949

0.000406
17.637515

0.001673
17.670902

0.004181
17.737667

0.006642
17.804800

0.009064
17.872271

0.012653
17.974405

0.015004
18.042894

0.017313
18.111236

0.019577
18.179455

0.021819
18.248067

0.025139
18.351771

0.027319
18.421308

0.029445
18.490579

0.031604
18.561417

0.034741
18.665698

0.035798
18.701129

0.037878
18.771297

0.039934
18.841134

0.042980
18.947104

0.044944
19.017686

0.046881
19.089199

0.048768
19.160406

0.050645
19.232377

0.053375
19.339212

0.054298
19.375895

0.056113
19.448510

0.057894
19.520652

0.060558
19.629674

0.062302
19.701788

0.064042
19.774348

0.065765
19.846763

0.068333
19.955802

0.070025
20.028362

0.071712
20.101419

0.073379
20.174092

0.074202
20.210164

0.076683
20.319811

0.078310
20.392467

0.079935
20.465566

0.081544
20.538512

0.083951
20.648729

0.085527
20.721623

0.087096
20.794752

0.088656
20.868163

0.090208
20.941600

0.092515
21.051849

0.093276
21.088648

0.094793
21.162258

0.096287
21.235315

0.098531
21.345854

0.100002
21.419007

0.101473
21.492830

0.102936
21.566675

0.104386
21.640590

0.106529
21.751677

0.107942
21.825357

0.108651
21.862142

0.110074
21.935883

0.112216
22.046690

0.113644
22.120490

0.115056
22.193939

0.116465
22.267829

0.118551
22.377909

0.119948
22.452282

0.121320
22.525901

0.122703
22.600311

0.124070
22.674367

0.126099
22.785101

0.126768
22.821749

0.128110
22.895677

0.129448
22.969602

0.131445
23.081091

0.132772
23.155493

0.134085
23.229511

0.135397
23.303969

0.136696
23.378043

0.138617
23.488287

0.139502
23.538827

0.139582
23.543024

0.139645
23.546644

0.139699
23.549766

0.139714
23.550665

0.139730
23.551563

0.139769
23.553864

0.140251
23.580627

0.142203
23.677443

0.143851
23.748033

0.145578
23.817127

0.146908
23.867552

0.148450
23.922580

0.149298
23.953017

0.151164
24.019453

0.153036
24.085433

0.155876
24.184773

0.157766
24.250671

0.159651
24.316423

0.161536
24.381964

0.163419
24.447451

0.166228
24.546211

0.167151
24.578874

0.169009
24.643482

0.170991
24.707558

0.174101
24.800410

0.176249
24.859755

0.178417
24.917778

0.180631
24.975809

0.183979
25.062275

0.186217
25.119338

0.188471
25.176561

0.190694
25.233048

0.191831
25.261962

0.195174
25.346814

0.197402
25.403449

0.199651
25.460809

0.201850
25.517265

0.205169
25.603216

0.207264
25.657900

0.209007
25.703674

0.210390
25.740139

0.212047
25.783853

0.212546
25.797043

0.213413
25.819956

0.214096
25.837976

0.214306
25.843523

0.214306
25.843523

0.214306
25.843523

0.214306
25.843523

0.214306
25.843523

0.214306
25.843523

0.214306
25.843523

0.214306
25.843523

0.214306
25.843523

0.214306
25.843523

0.214306
25.843523

0.214306
25.843523

0.214306
25.843523

0.214306
25.843523

0.214319
25.843870

0.214319
25.843870

0.214332
25.844217

0.214332
25.844217

0.214332
25.844217

0.214332
25.844217

0.214345
25.844564

0.214345
25.844564

0.214359
25.844910

0.214359
25.844910

0.214372
25.845257

0.214372
25.845257

0.214385
25.845604

0.214385
25.845604

0.214398
25.845950

0.214424
25.846646

0.214462
25.847720

0.214474
25.848092

0.215132
25.871123

0.216395
25.925708

0.217858
25.997592

0.219204
26.070261

0.221070
26.179791

0.222246
26.255052

0.223357
26.329515

0.224437
26.404195

0.225502
26.479677

0.227054
26.592930

0.227574
26.631548

0.228575
26.706827

0.229570
26.782822

0.231042
26.896361

0.232019
26.972462

0.232988
27.048151

0.233951
27.124322

0.234914
27.200479

0.236340
27.314247

0.237287
27.390486

0.237756
27.428299

0.238688
27.504175

0.240088
27.618964

0.241007
27.695111

0.241916
27.771128

0.242821
27.847360

0.244175
27.961946

0.245068
28.038021

0.245968
28.114692

0.246855
28.190775

0.247738
28.266879

0.248554
28.338080

0.249200
28.394892

0.249714
28.440330

0.250128
28.476898

0.250648
28.523186

0.250936
28.548808

0.251031
28.557304

0.251031
28.557304

0.251031
28.557304

0.251031
28.557304

0.251031
28.557304

0.251031
28.557304

0.251031
28.557304

0.251031
28.557304

0.251031
28.557304

0.251031
28.557304

0.251035
28.557775

0.251039
28.558250

0.251039
28.558250

0.251039
28.559622

0.251031
28.564108

0.250965
28.584014

0.250596
28.640373

0.249904
28.718076

0.249042
28.794430

0.248019
28.868875

0.246227
28.977772

0.244863
29.048093

0.244060
29.086921

0.244005
29.089398

0.243984
29.090160

0.243973
29.090521

0.243760
29.096775

0.243226
29.112916

0.243152
29.115573

0.242005
29.162108

0.240668
29.228842

0.239438
29.301170

0.237885
29.412340

0.237092
29.489143

0.236763
29.527899

0.236236
29.606487

0.235729
29.726195

0.235618
29.806721

0.235613
29.887019

0.235683
29.967707

0.235878
30.087665

0.236069
30.168133

0.236282
30.247938

0.236512
30.328379

0.236882
30.448448

0.237008
30.488036

0.237268
30.567485

0.237537
30.647675

0.237814
30.727836

0.238248
30.847370

0.238561
30.927596

0.238874
31.006847

0.239197
31.086056

0.239691
31.204873

0.239855
31.244804

0.240182
31.324775

0.240510
31.404345

0.240839
31.484590

0.241325
31.603815

0.241644
31.683696

0.241965
31.762991

0.242288
31.842563

0.242772
31.962168

0.242982
32.013545

0.243000
32.018082

0.243002
32.018562

0.243002
32.018562

0.243002
32.018562

0.243002
32.018562

0.243002
32.018562

0.243002
32.018562

0.243002
32.018562

0.243002
32.018562

0.243002
32.018562

0.243006
32.019239

0.243029
32.023075

0.243322
32.055135

0.244057
32.120150

0.245038
32.195094

0.246097
32.268205

0.247772
32.375577

0.248949
32.445889

0.250165
32.516402

0.251388
32.585809

0.252626
32.655310

0.254493
32.759088

0.255732
32.827667

0.256990
32.896927

0.258215
32.966028

0.259372
33.036205

0.260393
33.109305

0.261312
33.183556

0.262163
33.258759

0.263359
33.372603

0.264101
33.449000

0.264809
33.525273

0.265511
33.602694

0.266528
33.717901

0.266859
33.756005

0.267523
33.833517

0.268167
33.910087

0.269119
34.025823

0.269749
34.102935

0.270380
34.180244

0.271009
34.257786

0.271636
34.335119

0.272570
34.450918

0.273195
34.528673

0.273504
34.567135

0.274119
34.644068

0.275043
34.760335

0.275653
34.837285

0.276262
34.914685

0.276870
34.992302

0.277772
35.108237

0.278375
35.185434

0.278979
35.262152

0.279264
35.298536

0.279973
35.391076

0.280329
35.438455

0.280596
35.474094

0.280806
35.502184

0.281069
35.537184

0.281183
35.552274

0.281194
35.553756

0.281194
35.553756

0.281194
35.553756

0.281194
35.553756

0.281194
35.553756

0.281194
35.553756

0.281194
35.553756

0.281194
35.553756

0.281194
35.553756

0.281194
35.553756

0.281194
35.553756

0.281194
35.553756

0.281194
35.553756

0.281194
35.553756

0.281194
35.553756

0.281194
35.553756

0.281194
35.553756

0.281194
35.553756

0.281201
35.554692

0.281201
35.554692

0.281371
35.589699

0.281567
35.656554

0.281649
35.737482

0.281648
35.818237

0.281608
35.898582

0.281488
36.018590

0.281374
36.098748

0.281310
36.138468

0.281167
36.218555

0.281016
36.299304

0.280780
36.419716

0.280615
36.499742

0.280446
36.580100

0.280280
36.660120

0.280038
36.780166

0.279878
36.860200

0.279719
36.940237

0.279563
37.020279

0.279408
37.100666

0.279266
37.171461

0.279239
37.185141

0.279238
37.185626

0.279238
37.186111

0.279240
37.187076

0.279245
37.188031

0.279245
37.188031

0.279245
37.188031

0.279245
37.188031

0.279245
37.188031

0.279245
37.188031

0.279245
37.188031

0.279245
37.188031

0.279245
37.188031

0.279249
37.188704

0.279249
37.188704

0.279249
37.188704

0.279263
37.191478

0.279396
37.215953

0.279601
37.251614

0.279809
37.284559

0.279940
37.302123

0.280138
37.326436

0.280422
37.359547

0.280939
37.415568

0.281156
37.437447

0.281635
37.484120

0.282309
37.546686

0.283553
37.658467

0.284408
37.732447

0.285272
37.806100

0.286128
37.878530

0.287005
37.952261

0.288273
38.058352

0.288958
38.115137

0.289501
38.160540

0.290579
38.251073

0.291012
38.288534

0.291843
38.362177

0.292657
38.436067

0.294683
38.614986

0.297280
38.789711

0.297304
38.790840

0.297304
38.790840

0.297320
38.791561

0.297320
38.791561

0.297320
38.791561

0.297320
38.791561

0.297320
38.791561

0.297320
38.791561

0.297320
38.791561

0.297320
38.791561

0.297320
38.791561

0.297320
38.791561

0.297320
38.791561

0.297320
38.791561

0.297320
38.791561

0.297320
38.791561

0.297320
38.791561

0.297330
38.791871

0.297330
38.791871

0.297330
38.791871

0.297330
38.791871

0.297330
38.791871

0.297330
38.791871

0.297339
38.792182

0.297339
38.792182

0.297339
38.792182

0.297339
38.792182

0.297349
38.792493

0.297349
38.792493

0.297359
38.792803

0.297368
38.793114

0.297397
38.794045

0.297428
38.794997

0.297453
38.795677

0.297463
38.795939

0.297474
38.796175

0.297497
38.796574

0.297497
38.796574

0.297497
38.796574

0.297497
38.796574

0.297509
38.796629

0.297509
38.796629

0.297595
38.796473

0.297802
38.795591

0.298689
38.789478

0.299147
38.785496

0.299159
38.785346

0.299270
38.783718

0.299330
38.782652

0.299432
38.780466

0.299483
38.779099

0.299542
38.777311

0.299589
38.775705

0.299942
38.761059

0.300318
38.743481

0.301418
38.686449

0.302572
38.618102

0.304099
38.512323

0.304946
38.438716

0.305664
38.363508

0.306260
38.286343

0.306984
38.168653

0.307178
38.129097

0.307523
38.049780

0.307827
37.969271

0.308095
37.889641

0.308457
37.769355

0.308668
37.689500

0.308868
37.609603

0.309062
37.529683

0.309344
37.409409

0.309525
37.329782

0.309706
37.249116

0.309795
37.209467

0.309972
37.129477

0.310239
37.008797

0.310414
36.928446

0.310587
36.848435

0.310763
36.768417

0.311026
36.648404

0.311202
36.568741

0.311380
36.488390

0.311554
36.408365

0.311816
36.288345

0.311903
36.247978

0.312079
36.168305

0.312257
36.087950

0.312523
35.968272

0.312702
35.888254

0.312881
35.808586

0.313062
35.728569

0.313332
35.609581

0.313391
35.583924

0.313415
35.570214

0.313424
35.566430

0.313425
35.565747

0.313426
35.565263

0.313428
35.564779

0.313428
35.564779

0.313428
35.564779

0.313429
35.564096

0.313429
35.564096

0.313430
35.563612

0.313431
35.563129

0.313431
35.563129

0.313433
35.562445

0.313435
35.561762

0.313441
35.559717

0.313447
35.558563

0.313447
35.558563

0.313447
35.558563

0.313447
35.558563

0.313459
35.557695

0.313459
35.557695

0.313467
35.557298

0.313475
35.556921

0.313484
35.556564

0.313484
35.556564

0.313484
35.556564

0.313484
35.556564

0.313484
35.556564

0.313484
35.556564

0.313484
35.556564

0.313484
35.556564

0.313498
35.556451

0.313498
35.556451

0.313498
35.556451

0.313498
35.556451

0.313498
35.556451

0.313498
35.556451

0.313498
35.556451

0.313511
35.556543

0.313511
35.556543

0.313652
35.558587

0.314031
35.564085

0.317242
35.609841

0.319459
35.627576

0.321711
35.640880

0.323950
35.652220

0.325066
35.657566

0.328414
35.672767

0.330639
35.682045

0.332894
35.690821

0.335131
35.698907

0.338502
35.709664

0.340752
35.714653

0.342992
35.717096

0.346377
35.716403

0.347501
35.714350

0.349744
35.707675

0.351972
35.698015

0.355313
35.678657

0.357510
35.661868

0.360802
35.632157

0.361887
35.621205

0.364029
35.598345

0.366190
35.573927

0.368335
35.548651

0.371542
35.509590

0.373672
35.482006

0.376848
35.438271

0.377885
35.423081

0.381008
35.375752

0.382046
35.358873

0.384079
35.323911

0.386101
35.286416

0.389069
35.226473

0.391001
35.183360

0.392866
35.138315

0.394716
35.090629

0.397411
35.016299

0.398273
34.990799

0.400007
34.937475

0.401679
34.883397

0.402685
34.849322

0.402806
34.845239

0.402848
34.843815

0.402848
34.843815

0.402859
34.843479

0.402859
34.843479

0.402869
34.843143

0.402999
34.838755

0.403807
34.810911

0.405241
34.756771

0.407460
34.662658

0.408810
34.597771

0.410127
34.530894

0.411392
34.463952

0.413268
34.362011

0.414495
34.293408

0.415704
34.224912

0.416906
34.156224

0.418105
34.087427

0.419904
33.984045

0.420505
33.949486

0.421709
33.879402

0.422836
33.809418

0.424353
33.700747

0.425221
33.625834

0.426012
33.549909

0.426751
33.473594

0.427452
33.396978

0.428469
33.280873

0.429117
33.203463

0.429434
33.165046

0.430061
33.087819

0.430999
32.971411

0.431614
32.894082

0.432225
32.816329

0.432839
32.738254

0.433763
32.620982

0.434376
32.543570

0.434994
32.465848

0.435609
32.388430

0.436534
32.272152

0.436841
32.233620

0.437460
32.155855

0.438085
32.077778

0.438704
32.000703

0.439328
31.922960

0.440267
31.806686

0.440902
31.728635

0.441539
31.650597

0.442175
31.573235

0.443138
31.456724

0.443776
31.379704

0.444101
31.340534

0.444745
31.263193

0.445397
31.185556

0.446378
31.069096

0.447037
30.991123

0.447692
30.913810

0.448350
30.836522

0.449346
30.720090

0.450004
30.643116

0.450668
30.565829

0.451336
30.488203

0.452354
30.371507

0.452691
30.333057

0.453374
30.255502

0.454028
30.181258

0.454630
30.112975

0.455045
30.065900

0.455045
30.065900

0.455045
30.065900

0.455045
30.065900

0.455045
30.065900

0.455045
30.065900

0.455045
30.065900

0.455051
30.065239

0.455051
30.065239

0.455397
30.041177

0.456356
29.987319

0.457767
29.919094

0.459310
29.853274

0.461786
29.758423

0.463551
29.697541

0.465367
29.638078

0.467224
29.579598

0.469116
29.521535

0.471044
29.463901

0.472962
29.407565

0.474907
29.351271

0.477858
29.267082

0.479834
29.211594

0.481832
29.156157

0.483828
29.101206

0.485819
29.046693

0.488837
28.964658

0.490856
28.910026

0.491872
28.882672

0.493911
28.827807

0.496971
28.745963

0.499031
28.691446

0.501076
28.637730

0.503157
28.583421

0.505230
28.529633

0.508356
28.449056

0.510463
28.395136

0.512576
28.341469

0.514699
28.287803

0.516803
28.235015

0.518944
28.181650

0.521073
28.128713

0.523214
28.075824

0.525373
28.022663

0.528609
27.943762

0.530794
27.891288

0.532964
27.839650

0.535165
27.787442

0.538476
27.709535

0.539581
27.683610

0.541804
27.631715

0.544022
27.580258

0.546266
27.528560

0.548881
27.468402

0.549044
27.464404

0.549200
27.460876

0.549240
27.459947

0.549254
27.459637

0.549268
27.459327

0.549268
27.459327

0.549268
27.459327

0.549268
27.459327

0.549800
27.447280

0.551454
27.410557

0.553714
27.361368

0.556033
27.311613

0.559535
27.237584

0.561871
27.189154

0.564237
27.140723

0.566594
27.092739

0.570149
27.020728

0.571343
26.996685

0.573722
26.949059

0.576138
26.900864

0.578549
26.853107

0.582167
26.782044

0.584601
26.734940

0.587038
26.688778

0.589501
26.642760

0.593217
26.574394

0.595714
26.529447

0.596981
26.506795

0.599494
26.462252

0.603279
26.395751

0.605814
26.351629

0.608352
26.307673

0.610919
26.263476

0.614754
26.197816

0.617323
26.154309

0.619886
26.111285

0.622489
26.067921

0.625085
26.024988

0.627689
25.982231

0.630317
25.939399

0.632939
25.896997

0.635568
25.854928

0.639534
25.792293

0.642190
25.750731

0.644853
25.709452

0.647509
25.668599

0.650224
25.627152

0.654281
25.566001

0.655649
25.545669

0.658360
25.505529

0.661095
25.465340

0.665187
25.405710

0.667943
25.365945

0.670710
25.326480

0.673486
25.287209

0.676269
25.248286

0.680438
25.190569

0.683246
25.152094

0.686042
25.114032

0.688865
25.075845

0.691679
25.038083

0.694502
25.000519

0.697330
24.963198

0.700164
24.925763

0.704418
24.870269

0.707204
24.834161

0.709571
24.803612

0.711414
24.779962

0.712920
24.760744

0.713596
24.752110

0.713596
24.752110

0.713596
24.752110

0.713596
24.752110

0.713596
24.752110

0.713596
24.752110

0.713596
24.752110

0.713596
24.752110

0.713596
24.752110

0.713596
24.752110

0.713613
24.751882

0.713647
24.751384

0.713695
24.750570

0.714409
24.737508

0.716218
24.697688

0.718494
24.641029

0.720637
24.580478

0.722622
24.516846

0.725341
24.416428

0.726929
24.345700

0.728369
24.273643

0.729738
24.200440

0.731700
24.089542

0.732320
24.052991

0.733560
23.978298

0.734775
23.903948

0.736010
23.828713

0.737905
23.716875

0.739213
23.642446

0.740546
23.568651

0.741894
23.495052

0.743938
23.385540

0.745341
23.312071

0.746756
23.238675

0.747457
23.202478

0.749600
23.093067

0.751056
23.019640

0.752500
22.947105

0.753958
22.874343

0.756168
22.764984

0.757654
22.691975

0.759145
22.619388

0.760646
22.546848

0.762155
22.474687

0.763691
22.402083

0.765231
22.329808

0.766780
22.257584

0.768346
22.185142

0.770712
22.076683

0.772302
22.004705

0.773912
21.932537

0.775535
21.860453

0.777971
21.753216

0.778799
21.717071

0.780442
21.645800

0.782111
21.573978

0.783795
21.501915

0.786322
21.394786

0.788027
21.323151

0.789733
21.251793

0.791456
21.180227

0.794050
21.073407

0.795801
21.001902

0.797563
20.930951

0.799333
20.859941

0.800230
20.824160

0.802911
20.717799

0.804707
20.646876

0.806510
20.575961

0.808334
20.504779

0.811082
20.398604

0.812932
20.327960

0.814273
20.277147

0.814418
20.271671

0.814418
20.271671

0.814418
20.271671

0.814418
20.271671

0.814418
20.271671

0.814418
20.271671

0.814418
20.271671

0.814418
20.271671

0.814418
20.271671

0.814442
20.270836

0.814562
20.267332

0.814864
20.259806

0.816041
20.235313

0.818638
20.188341

0.821830
20.138244

0.825140
20.093226

0.830294
20.032120

0.832075
20.013578

0.835670
19.978580

0.839332
19.945229

0.844890
19.897527

0.848634
19.867569

0.852419
19.838446

0.856240
19.810685

0.862038
19.776374

0.866016
19.761087

0.868034
19.755470

0.872076
19.748507

0.876110
19.747203

0.882191
19.754323

0.886204
19.766775

0.890156
19.783455

0.894086
19.803269

0.899900
19.836991

0.903785
19.862396

0.907551
19.888396

0.911321
19.915684

0.915102
19.944002

0.918847
19.972617

0.922584
20.001990

0.926316
20.031950

0.930030
20.062474

0.933688
20.093164

0.939231
20.140227

0.942855
20.171337

0.946518
20.203085

0.950170
20.235105

0.955590
20.283385

0.957386
20.299619

0.961001
20.332550

0.964614
20.365777

0.969975
20.415672

0.973534
20.449116

0.977091
20.482912

0.980627
20.516872

0.985944
20.568508

0.989415
20.602624

0.992908
20.637528

0.996382
20.672958

0.999867
20.708722

1.003322
20.744430

1.006785
20.780583

1.010227
20.816886

1.013648
20.853279

1.018773
20.908449

1.022175
20.945497

1.025556
20.982683

1.028914
21.020062

1.032295
21.058139

1.035562
21.095427

1.037025
21.112210

1.037045
21.112441

1.037045
21.112441

1.037045
21.112441

1.037045
21.112441

1.037045
21.112441

1.037045
21.112441

1.037045
21.112441

1.037045
21.112441

1.037045
21.112441

1.037045
21.112441

1.037065
21.112673

1.037065
21.112673

1.037065
21.112673

1.037065
21.112673

1.037086
21.112904

1.037106
21.113136

1.037106
21.113136

1.037106
21.113136

1.037126
21.113369

1.037126
21.113369

1.037145
21.113626

1.037668
21.122057

1.038074
21.129981

1.038455
21.138444

1.038783
21.146523

1.038956
21.151076

1.039412
21.163724

1.039856
21.176934

1.040517
21.197224

1.040744
21.204389

1.040819
21.206738

1.040880
21.208559

1.040996
21.211439

1.044179
21.276743

1.048561
21.355263

1.051471
21.405927

1.052915
21.431261

1.055816
21.482328

1.060111
21.559441

1.062966
21.611707

1.065771
21.663875

1.068568
21.716656

1.072721
21.796343

1.075077
21.842172

1.075491
21.850253

1.075590
21.852193

1.075590
21.852193

1.075590
21.852193

1.075590
21.852193

1.075590
21.852193

1.075590
21.852193

1.075590
21.852193

1.075590
21.852193

1.075607
21.852516

1.076047
21.860989

1.078087
21.897980

1.080746
21.944422

1.082203
21.969903

1.085058
22.020162

1.089022
22.090680

1.090631
22.119987

1.090631
22.119987

1.090631
22.119987

1.090643
22.120395

1.090652
22.120834

1.090660
22.121286

1.090668
22.121744

1.090668
22.121744

1.090671
22.122223

1.090671
22.122223

1.090671
22.122223

1.090670
22.122708

1.090670
22.122708

1.090670
22.122708

1.090666
22.123181

1.090666
22.123181

1.090657
22.123631

1.090657
22.123631

1.090657
22.123631

1.090595
22.125664

1.090565
22.126528

1.089525
22.152774

1.087341
22.199559

1.084546
22.252497

1.081657
22.300755

1.077135
22.366278

1.073956
22.403943

1.070676
22.437203

1.067348
22.465962

1.060505
22.514582

1.058759
22.523710

1.055262
22.540058

1.053507
22.546242

1.049979
22.555906

1.044645
22.565779

1.041089
22.569670

1.037536
22.572302

1.033964
22.573941

1.028630
22.575752

1.025062
22.575942

1.021520
22.572740

1.017978
22.565438

1.014435
22.554889

1.010930
22.542701

1.007537
22.528600

1.004246
22.513584

1.000779
22.496803

0.997289
22.479452

0.992037
22.452896

0.988577
22.435190

0.985076
22.418959

0.981528
22.406669

0.977977
22.398254

0.975593
22.394326

0.974855
22.393111

0.972461
22.387551

0.968972
22.375277

0.967197
22.367465

0.961950
22.340427

0.958481
22.318928

0.955039
22.296244

0.951592
22.272552

0.946452
22.236271

0.943025
22.211308

0.939576
22.186059

0.936135
22.160924

0.930962
22.123188

0.929253
22.110707

0.925805
22.085508

0.922337
22.060550

0.918852
22.035860

0.913645
21.999370

0.910256
21.976008

0.908706
21.965422

0.908663
21.965135

0.908663
21.965135

0.908663
21.965135

0.908663
21.965135

0.908663
21.965135

0.908663
21.965135

0.908663
21.965135

0.908663
21.965135

0.908663
21.965135

0.908663
21.965135

0.908642
21.964991

0.908642
21.964991

0.908642
21.964991

0.908642
21.964991

0.908642
21.964991

0.908642
21.964991

0.908642
21.964991

0.908642
21.964991

0.908621
21.964846

0.908621
21.964846

0.908621
21.964846

0.908621
21.964846

0.908600
21.964703

0.908600
21.964703

0.908579
21.964558

0.908558
21.964414

0.908537
21.964269

0.908537
21.964269

0.908516
21.964126

0.908516
21.964126

0.908516
21.964126

0.908495
21.963981

0.908474
21.963837

0.908474
21.963837

0.908453
21.963693

0.908453
21.963693

0.908431
21.963549

0.908410
21.963406

0.908410
21.963406

0.908389
21.963261

0.908389
21.963261

0.908389
21.963261

0.908389
21.963261

0.908389
21.963261

0.908368
21.963117

0.908368
21.963117

0.908368
21.963117

0.908368
21.963117

0.908326
21.962829

0.908326
21.962829

0.908326
21.962829

0.908326
21.962829

0.908326
21.962829

0.908305
21.962684

0.908305
21.962684

0.908305
21.962684

0.908305
21.962684

0.908305
21.962684

0.908305
21.962684

0.908275
21.962482

0.908275
21.962482

0.908275
21.962482

0.908254
21.962337

0.908254
21.962337

0.908254
21.962337

0.908254
21.962337

0.908254
21.962337

0.908254
21.962337

0.908254
21.962337

0.908254
21.962337

0.908254
21.962337

0.908233
21.962194

0.908233
21.962194

0.908233
21.962194

0.908233
21.962194

0.908233
21.962194

0.908233
21.962194

0.908203
21.961990

0.908203
21.961990

0.908090
21.961068

0.907971
21.959782

0.907863
21.958410

0.907770
21.957044

0.907671
21.955360

0.907590
21.953680

0.907493
21.951392

0.907410
21.949139

0.907362
21.947731

0.907263
21.944402

0.907196
21.941687

0.907169
21.940278

0.907120
21.937403

0.907088
21.935001

0.907041
21.930264

0.907025
21.927376

0.907016
21.923986

0.907017
21.921077

0.907034
21.916084

0.907055
21.913163

0.907066
21.912104

0.907111
21.908489

0.907160
21.905390

0.907239
21.901392

0.907293
21.899237

0.907387
21.896027

0.907471
21.893512

0.907603
21.890097

0.907731
21.887363

0.907831
21.885522

0.907896
21.884496

0.908021
21.882703

0.908150
21.881063

0.908450
21.878011

0.910158
21.863422

0.913361
21.841457

0.916981
21.822492

0.922452
21.803051

0.926161
21.797979

0.929825
21.798486

0.933528
21.804361

0.939045
21.820197

0.942648
21.834824

0.946270
21.851979

0.948048
21.861079

0.951623
21.880442

0.956959
21.911422

0.960495
21.933257

0.964025
21.955765

0.967524
21.978712

0.972775
22.014263

0.976255
22.038397

0.979747
22.062996

0.983210
22.087779

0.986646
22.112683

0.991825
22.151019

0.993557
22.163937

0.996969
22.189624

1.000412
22.215869

1.003809
22.242016

1.008933
22.281961

1.012328
22.308961

1.014807
22.328687

1.015040
22.330353

1.015279
22.332296

1.015320
22.332626

1.015340
22.332792

1.015340
22.332792

1.015340
22.332792

1.015361
22.332957

1.015361
22.332957

1.015361
22.332957

1.015361
22.332957

1.015361
22.332957

1.015361
22.332957

1.015381
22.333121

1.015402
22.333287

1.015422
22.333452

1.015422
22.333452

1.015422
22.333452

1.015443
22.333617

1.015443
22.333617

1.015443
22.333617

1.015443
22.333617

1.015443
22.333617

1.015463
22.333782

1.015483
22.333947

1.015483
22.333947

1.015483
22.333947

1.015483
22.333947

1.015504
22.334113

1.015570
22.334662

1.015614
22.335095

1.015873
22.338071

1.017319
22.357301

1.019984
22.398554

1.022807
22.448906

1.026769
22.530982

1.029172
22.590191

1.031453
22.652316

1.033630
22.715541

1.036789
22.812625

1.038825
22.878465

1.040813
22.944617

1.041908
22.981012

1.041908
22.981012

1.042076
22.986383

1.042100
22.987174

1.042100
22.987174

1.042100
22.987174

1.042100
22.987174

1.042113
22.987570

1.042169
22.989393

1.042187
22.989929

1.042207
22.990452

1.042227
22.990959

1.042227
22.990959

1.042227
22.990959

1.042245
22.991207

1.042245
22.991207

1.042264
22.991397

1.042264
22.991397

1.042264
22.991397

1.042285
22.991481

1.042432
22.991855

1.042516
22.991900

1.042625
22.991784

1.042795
22.991356

1.042967
22.990723

1.043081
22.990107

1.043165
22.989519

1.043296
22.988327

1.043451
22.986676

1.043652
22.984083

1.043853
22.980905

1.043969
22.978746

1.044034
22.977345

1.044129
22.975108

1.044686
22.960005

1.047166
22.882313

1.049005
22.812420

1.050635
22.740848

1.052062
22.667272

1.053282
22.591533

1.054782
22.475685

1.055175
22.436401

1.055862
22.357272

1.056442
22.277969

1.057190
22.158552

1.057607
22.077991

1.057978
21.998330

1.058328
21.918151

1.058659
21.838415

1.059143
21.718573

1.059456
21.638335

1.059769
21.558094

1.060247
21.437733

1.060413
21.397624

1.060742
21.317407

1.061042
21.237631

1.061303
21.157312

1.061579
21.037133

1.061665
20.956551

1.061714
20.875902

1.061750
20.795760

1.061784
20.715592

1.061848
20.595153

1.061874
20.554829

1.061951
20.474746

1.062123
20.353953

1.062301
20.273996

1.062531
20.193617

1.062815
20.113798

1.063147
20.033550

1.063696
19.913735

1.063895
19.874136

1.064316
19.794008

1.064753
19.714397

1.065445
19.594282

1.065939
19.515209

1.066466
19.435207

1.067021
19.356252

1.067921
19.236421

1.068546
19.157050

1.069189
19.078173

1.069859
18.998388

1.070192
18.959469

1.071239
18.841283

1.071972
18.761582

1.072705
18.682897

1.073456
18.603724

1.074596
18.484747

1.075359
18.406076

1.076128
18.327416

1.076908
18.248292

1.077693
18.169665

1.078896
18.050754

1.079295
18.011448

1.080110
17.932391

1.080934
17.853796

1.082196
17.735499

1.083044
17.657006

1.083910
17.578015

1.084780
17.499026

1.085651
17.421007

1.086980
17.303814

1.087481
17.257897

1.087523
17.254082

1.087561
17.250753

1.087584
17.248737

1.087584
17.248737

1.087589
17.248261

1.087595
17.247785

1.087595
17.247785

1.087606
17.246833

1.087606
17.246833

1.087606
17.246833

1.087611
17.246357

1.087619
17.245685

1.087619
17.245685

1.087624
17.245209

1.087630
17.244732

1.087645
17.243304

1.087670
17.240425

1.087679
17.236994

1.087652
17.209628

1.087372
17.145210

1.086528
17.025119

1.085748
16.945391

1.084862
16.866524

1.083906
16.787595

1.083410
16.748279

1.081851
16.631029

1.080748
16.552931

1.079617
16.474924

1.078447
16.396415

1.076653
16.279618

1.075203
16.202700

1.073441
16.127902

1.071347
16.054871

1.068953
15.984629

1.064873
15.883083

1.063376
15.850602

1.060242
15.786947

1.057024
15.725601

1.052006
15.634489

1.048527
15.574456

1.045013
15.515656

1.041464
15.457632

1.037839
15.399552

1.032366
15.313777

1.028640
15.256673

1.024900
15.200077

1.021134
15.143650

1.017366
15.087556

1.013547
15.031518

1.009706
14.975614

1.005858
14.920088

1.001959
14.864628

0.996047
14.782010

0.992077
14.727082

0.988099
14.672582

0.984064
14.618214

0.977928
14.537539

0.975904
14.511189

0.971765
14.457778

0.967576
14.404381

0.961289
14.325199

0.957050
14.272533

0.952814
14.220618

0.948515
14.168422

0.944203
14.116704

0.937648
14.039312

0.933238
13.988052

0.928801
13.936970

0.926570
13.911539

0.919848
13.835860

0.915320
13.785533

0.910752
13.735573

0.906145
13.685999

0.901525
13.636934

0.894610
13.564461

0.890395
13.521047

0.888305
13.499778

0.888265
13.499366

0.888265
13.499366

0.888265
13.499366

0.888265
13.499366

0.888265
13.499366

0.888265
13.499366

0.888265
13.499366

0.888265
13.499366

0.888236
13.499074

0.888208
13.498782

0.888208
13.498782

0.888208
13.498782

0.888208
13.498782

0.887042
13.487128

0.885543
13.472788

0.878402
13.412630

0.872978
13.376552

0.867456
13.345279

0.861815
13.317225

0.853181
13.279568

0.847367
13.257221

0.841549
13.236775

0.835632
13.217395

0.829729
13.199206

0.820782
13.173370

0.817789
13.165174

0.811850
13.149475

0.805857
13.134519

0.796797
13.114398

0.790681
13.107567

0.784557
13.106469

0.778426
13.110291

0.772312
13.118056

0.763247
13.134701

0.757286
13.148956

0.751291
13.165303

0.745364
13.182915

0.739498
13.201410

0.733552
13.221128

0.727740
13.241475

0.721881
13.262762

0.716083
13.284665

0.710271
13.307270

0.701622
13.341697

0.695892
13.365154

0.690145
13.389076

0.684452
13.413231

0.675925
13.449973

0.670280
13.475034

0.664629
13.500971

0.661846
13.513971

0.656261
13.540329

0.652446
13.558545

0.652411
13.558663

0.652411
13.558663

0.652376
13.558751

0.652376
13.558751

0.652376
13.558751

0.652376
13.558751

0.652340
13.558679

0.652305
13.558575

0.652237
13.558308

0.652162
13.557907

0.651698
13.555170

0.649456
13.539898

0.644860
13.503894

0.640922
13.466218

0.636489
13.417933

0.632048
13.365360

0.630145
13.342036

0.630022
13.340537

0.629996
13.340210

0.629996
13.340210

0.629996
13.340210

0.629996
13.340210

0.629996
13.340210

0.629996
13.340210

0.629996
13.340210

0.629996
13.340210

0.629996
13.340210

0.629996
13.340210

0.629996
13.340210

0.629996
13.340210

0.629996
13.340210

0.629996
13.340210

0.629996
13.340210

0.629996
13.340210

0.629996
13.340210

0.629900
13.338977

0.629641
13.335282

0.628352
13.313009

0.626047
13.267796

0.623727
13.216870

0.622452
13.188001

0.622015
13.178258

0.621530
13.166233

0.621422
13.163098

0.621331
13.159923

0.621296
13.158544

0.621275
13.157614

0.621266
13.157141

0.621175
13.149709

0.620927
13.114880

0.620875
13.103025

0.620876
13.102055

0.620879
13.101370

0.620890
13.100411

0.620890
13.100411

0.620890
13.100411

0.620890
13.100411

0.621622
13.080202

0.622292
13.064868

0.623919
13.031804

0.626022
12.994926

0.630258
12.931410

0.633957
12.885970

0.637950
12.843157

0.641977
12.804077

0.647825
12.752272

0.649724
12.736606

0.654229
12.701031

0.659692
12.659702

0.665209
12.619542

0.669340
12.590084

0.669711
12.587445

0.669818
12.586695

0.669851
12.586458

0.669885
12.586222

0.669885
12.586222

0.669952
12.585748

0.670026
12.585198

0.670098
12.584592

0.670098
12.584592

0.670098
12.584592

0.670098
12.584592

0.670098
12.584592

0.670118
12.584178

0.670136
12.583749

0.670136
12.583749

0.670136
12.583749

0.670295
12.576187

0.671423
12.501604

0.672064
12.422077

0.672229
12.381313

0.672242
12.300943

0.671673
12.180583

0.671087
12.100555

0.670460
12.020315

0.669809
11.940575

0.668985
11.844593

0.668929
11.838157

0.668929
11.838157

0.668929
11.838157

0.668929
11.838157

0.668929
11.838157

0.668929
11.838157

0.668929
11.838157

0.668929
11.838157

0.668929
11.838157

0.668929
11.838157

0.668929
11.838157

0.668929
11.838157

0.668929
11.838157

0.668929
11.838157

0.668929
11.838157

0.668929
11.838157

0.668929
11.838157

0.668929
11.838157

0.668929
11.838157

0.668929
11.838157

0.668929
11.838157

0.668929
11.838157

0.668929
11.838157

0.668929
11.838157

0.668929
11.838157

0.668929
11.838157

0.668929
11.838157

0.668929
11.838157

0.668929
11.838157

0.668929
11.838157

0.668929
11.838157

0.668929
11.838157

0.668929
11.838157

0.668929
11.838157

0.668925
11.837675

0.668730
11.814843

0.668248
11.753816

0.667955
11.714558

0.667353
11.633343

0.666492
11.513304

0.665937
11.432385

0.665387
11.352521

0.664837
11.272181

0.664020
11.152187

0.663745
11.112189

0.663193
11.031723

0.662641
10.951724

0.661806
10.831253

0.661256
10.751118

0.660700
10.670515

0.660148
10.590971

0.659306
10.470830

0.658736
10.390099

0.658168
10.309960

0.657888
10.270420

0.657124
10.164234

0.656722
10.106951

0.656395
10.060828

0.656132
10.024338

0.655818
9.981615

0.655702
9.966130

0.655702
9.966130

0.655702
9.966130

0.655702
9.966130

0.655702
9.966130

0.655702
9.966130

0.655702
9.966130

0.655702
9.966130

0.655702
9.966130

0.655702
9.966130

0.655702
9.966130

0.655702
9.966130

0.655702
9.966130

0.655702
9.966130

0.655702
9.966130

0.655702
9.966130

0.655702
9.966130

0.655702
9.966130

0.655702
9.966130

0.655702
9.966130

0.655702
9.966130

0.655702
9.966130

0.655702
9.966130

0.655702
9.966130

0.655665
9.961057

0.655453
9.924740

0.655393
9.823586

0.655593
9.789763

0.656197
9.725367

0.656953
9.667045

0.658288
9.582939

0.659430
9.522428

0.661025
9.444779

0.662744
9.365732

0.664547
9.286993

0.667358
9.169463

0.668348
9.129976

0.670366
9.051055

0.672381
8.973888

0.675084
8.873251

0.676500
8.821589

0.677590
8.782229

0.678427
8.752161

0.679158
8.726147

0.679699
8.706880

0.679699
8.706880

0.679699
8.706880

0.679699
8.706880

0.679699
8.706880

0.679699
8.706880

0.679699
8.706880

0.679699
8.706880

0.679699
8.706880

0.679699
8.706880

0.679699
8.706880

0.679699
8.706880

0.679699
8.706880

0.679699
8.706880

0.679699
8.706880

0.679699
8.706880

0.679699
8.706880

0.679699
8.706880

0.679699
8.706880

0.679699
8.706880

0.679699
8.706880

0.679699
8.706880

0.679699
8.706880

0.679699
8.706880

0.679699
8.706880

0.679853
8.701386

0.680207
8.688694

0.681563
8.635655

0.682835
8.569096

0.683633
8.500526

0.684053
8.404886

0.683860
8.346418

0.683467
8.291465

0.682860
8.228483

0.681448
8.108509

0.680891
8.068143

0.679716
7.988134

0.678457
7.908765

0.677117
7.828504

0.675023
7.709273

0.673666
7.636658

0.672498
7.576229

0.671508
7.525019

0.670266
7.461669

0.669610
7.429012

0.669335
7.415370

0.669026
7.400227

0.669016
7.399747

0.669016
7.399747

0.669016
7.399747

0.669016
7.399747

0.669016
7.399747

0.669016
7.399747

0.669007
7.399268

0.668997
7.398789

0.668997
7.398789

0.668974
7.397718

0.668974
7.397718

0.668921
7.396315

0.668057
7.377485

0.663489
7.298982

0.661064
7.265027

0.652690
7.160519

0.646692
7.092881

0.640541
7.025545

0.634266
6.957626

0.627972
6.890198

0.618412
6.788278

0.612132
6.720099

0.609023
6.685732

0.599714
6.582247

0.593813
6.512286

0.582792
6.367813

0.576325
6.254665

0.572914
6.177307

0.571426
6.138325

0.567467
6.019837

0.565479
5.940306

0.563859
5.860667

0.561798
5.740387

0.560860
5.677256

0.560623
5.664596

0.560561
5.660859

0.560532
5.658848

0.560532
5.658848

0.560532
5.658848

0.560524
5.658364

0.560524
5.658364

0.560517
5.657882

0.560510
5.657398

0.560510
5.657398

0.560427
5.651888

0.559777
5.618032

0.558981
5.590270

0.556644
5.523172

0.551871
5.409123

0.548171
5.331046

0.544321
5.253688

0.540250
5.175078

0.536104
5.097968

0.531857
5.021405

0.527431
4.944107

0.522861
4.867315

0.515730
4.751876

0.510746
4.674408

0.505639
4.597497

0.500417
4.520530

0.495309
4.443971

0.487870
4.328382

0.485446
4.289775

0.480328
4.211943

0.471128
4.097669

0.463127
4.024063

0.454335
3.951221

0.445566
3.879534

0.432982
3.769077

0.425407
3.693828

0.421782
3.656118

0.414662
3.579642

0.404180
3.465271

0.397331
3.389670

0.390303
3.312974

0.383078
3.236002

0.375638
3.159555

0.363858
3.044677

0.355602
2.967753

0.347038
2.891401

0.340979
2.839959

0.340403
2.835166

0.340347
2.834708

0.340347
2.834708

0.340347
2.834708

0.340347
2.834708

0.340347
2.834708

0.340347
2.834708

0.340347
2.834708

0.340347
2.834708

0.340347
2.834708

0.340347
2.834708

0.340347
2.834708

0.340347
2.834708

0.340347
2.834708

0.340347
2.834708

0.340347
2.834708

0.340347
2.834708

0.340347
2.834708

0.340347
2.834708

0.340292
2.834248

0.340292
2.834248

0.340292
2.834248

0.340236
2.833790

0.340236
2.833790

0.340236
2.833790

0.340236
2.833790

0.340236
2.833790

0.340236
2.833790

0.340181
2.833331

0.340181
2.833331

0.340181
2.833331

0.340070
2.832413

0.340070
2.832413

0.340015
2.831954

0.340015
2.831954

0.338809
2.821924

0.333721
2.776177

0.326232
2.701175

0.318850
2.623334

0.311998
2.544393

0.305406
2.465622

0.298831
2.386705

0.288709
2.268529

0.281720
2.189925

0.274435
2.111279

0.266663
2.032292

0.258391
1.953131

0.244911
1.834993

0.240106
1.795692

0.229847
1.717300

0.218742
1.639225

0.202268
1.521798

0.194110
1.442188

0.187947
1.362486

0.183054
1.282392

0.179188
1.205008

0.174495
1.088531

0.172323
1.007964

0.170712
0.927715

0.170005
0.887583

0.168159
0.766825

0.167297
0.687217

0.166500
0.606566

0.166047
0.526600

0.165943
0.405758

0.165834
0.325435

0.165144
0.245112

0.164566
0.167887

0.164867
0.100255

0.164843
0.020945

