0.000000
0.000661

0.000500
0.000633

0.037500
0.000420

0.087500
0.000980

0.173000
0.000549

0.000500
0.000655

-0.001000
0.000582

0.000500
0.000588

-0.001000
0.000683

-0.001500
0.000678

-0.003500
0.000644

0.003000
0.000627

-0.003000
0.000627

-0.002000
0.000661

0.000500
0.000700

-0.002500
0.000633

-0.005000
0.000627

-0.002000
0.000594

0.000000
0.000000

0.000000
0.000000

0.000000
0.000000

0.000000
0.000000

0.000000
0.000000

0.006000
-0.000627

0.001000
-0.000661

0.001500
-0.000644

0.038500
-0.000431

0.071000
-0.000795

0.149500
-0.000633

0.346000
-0.000482

0.407500
-0.000689

0.394500
-0.000655

0.399500
-0.000599

0.401000
-0.000370

0.410000
-0.000336

0.398000
-0.000224

0.399000
-0.000213

0.406000
-0.000179

0.397000
-0.000078

0.402500
-0.000151

-0.052500
-0.001361

0.000000
0.000000

0.000000
0.000000

0.000000
0.000000

0.000000
0.000000

0.000000
0.000000

0.000000
0.000000

-0.033500
-0.000375

0.078000
-0.000874

0.244000
-0.000538

0.405000
-0.000482

0.399500
-0.000375

0.410000
-0.000235

0.394500
-0.000230

0.412500
-0.000196

0.402500
-0.000073

0.404500
-0.000095

0.403500
-0.000129

0.401000
-0.000034

0.398000
-0.000034

0.398500
-0.000062

0.402500
-0.000050

0.394500
0.000062

0.399000
0.000011

0.403500
0.000006

0.393000
0.000034

0.406000
0.000034

0.396000
0.000000

0.399000
-0.000011

0.396500
-0.000039

0.352000
0.000022

0.299500
-0.000039

0.267500
0.000017

0.204000
0.000000

0.165000
0.000034

0.132500
0.000017

0.082000
-0.000011

0.000000
0.000000

0.000000
0.000000

0.000000
0.000000

0.000000
0.000000

0.000500
0.000666

0.002000
0.000650

-0.002000
0.000594

-0.001500
0.000610

0.000500
0.000655

-0.003000
0.000661

0.028500
0.000319

0.121500
0.000722

0.172000
0.000661

0.191000
0.000638

0.214500
0.000644

0.246500
0.000666

0.277500
0.000689

0.245500
0.000062

0.000000
0.000000

0.000000
0.000000

0.000000
0.000000

0.000000
0.000000

0.000000
0.000000

0.000000
0.000000

-0.001000
-0.000616

-0.001000
-0.000672

0.000000
0.000000

0.000000
0.000000

0.091500
-0.000330

0.195000
-0.000336

0.414500
-0.000050

0.406500
0.000006

0.409500
0.000230

0.401000
0.000336

0.394500
0.000398

0.400500
0.000498

0.399500
0.000700

0.400500
0.000622

0.402000
0.000672

0.398500
0.000622

0.397500
0.000655

0.400000
0.000672

0.400000
0.000482

0.404000
0.000370

0.395000
0.000168

0.410500
0.000162

0.401500
0.000129

0.399500
0.000106

0.400500
0.000162

0.394500
0.000129

0.401000
0.000325

0.353500
0.000622

0.000000
0.000000

0.000000
0.000000

0.000000
0.000000

0.000000
0.000000

0.000000
0.000000

0.001000
0.000661

-0.000500
0.000678

0.002000
0.000650

-0.001000
0.000605

0.037000
-0.001366

0.130500
-0.000756

0.226000
-0.000706

0.368500
-0.000364

0.392500
-0.000162

0.397500
-0.000230

0.389000
-0.000224

0.386500
-0.000129

0.400500
-0.000095

0.395500
-0.000062

0.398500
-0.000062

0.403500
-0.000095

0.399500
-0.000017

0.399000
-0.000011

0.398500
0.000028

0.404000
0.000000

0.401000
0.000000

0.402500
-0.000017

0.412500
-0.000006

0.396000
-0.000045

0.240500
0.000700

0.000000
0.000000

0.000000
0.000000

0.000000
0.000000

0.000000
0.000000

-0.031000
0.000347

-0.007000
0.000706

0.000500
0.000633

0.002000
0.000672

0.028500
0.000319

0.000000
0.000000

0.039000
0.000437

0.006500
0.000633

0.058000
0.000650

0.309500
0.000532

0.376000
0.000414

0.402000
0.000280

0.402000
0.000213

0.394000
0.000112

0.402500
0.000084

0.396500
0.000050

0.403000
0.000112

0.396500
0.000050

0.399500
0.000017

0.396500
0.000050

0.402500
0.000106

0.401000
0.000090

0.399500
0.000050

0.407500
0.000050

0.123000
0.000090

0.000000
0.000000

0.000000
0.000000

0.000000
0.000000

0.000000
0.000000

0.028500
0.000319

0.001000
0.000627

0.028000
0.000314

-0.000500
0.000678

0.002000
0.000672

0.058000
0.000650

0.337000
0.000627

0.397000
0.000672

0.403000
0.000672

0.395000
0.000616

0.399000
0.000672

0.404500
0.000655

0.404000
0.000470

0.411000
0.000347

0.405000
0.000280

0.405500
0.000174

0.404500
0.000129

0.400000
0.000112

0.404500
0.000095

0.400500
0.000095

0.395000
0.000000

0.403500
0.000062

0.403500
-0.000006

0.404000
-0.000034

0.405500
-0.000106

0.408000
0.000045

0.393500
-0.000050

0.402000
0.000011

0.401000
0.000034

0.403000
0.000034

0.400500
-0.000006

0.401000
-0.000090

0.402500
-0.000017

0.404500
0.000017

0.400500
-0.000028

0.395500
0.000028

0.401000
0.000056

0.400500
0.000062

0.402500
-0.000017

0.396500
-0.000039

0.406000
0.000000

0.399000
-0.000011

0.400000
0.000000

0.399500
-0.000039

0.399000
-0.000045

0.403500
0.000006

0.365500
-0.000062

0.170500
0.000218

0.026500
-0.000297

-0.003500
-0.000610

0.148500
-0.000689

0.385000
-0.000683

0.403000
-0.000638

0.400500
-0.000655

0.392000
-0.000459

0.395000
-0.000302

0.402000
-0.000112

0.406500
-0.000028

0.409500
-0.000073

0.404000
-0.000067

0.402000
0.000022

0.407500
-0.000050

0.349500
0.000106

0.000000
0.000000

0.000000
0.000000

0.000000
0.000000

0.000000
0.000000

0.000000
0.000000

0.000000
0.000000

-0.001000
-0.000605

0.050000
-0.000560

0.219000
-0.000795

0.383500
-0.000622

0.411000
-0.000672

0.405000
-0.000381

0.393500
-0.000386

0.406500
-0.000330

0.397500
-0.000297

0.392000
-0.000202

0.401500
-0.000095

0.402500
-0.000073

0.403500
-0.000039

0.398500
-0.000095

0.403500
-0.000028

0.397000
-0.000045

0.399500
-0.000050

0.404000
0.000034

0.403500
0.000062

0.398500
0.000028

0.393500
-0.000017

0.403500
0.000006

0.406500
0.000039

0.400500
0.000006

0.401000
-0.000034

0.396500
-0.000039

0.400500
-0.000006

0.398000
0.000056

0.402500
0.000017

0.402000
-0.000045

0.394000
0.000022

0.397000
0.000011

0.403000
0.000000

0.398000
0.000034

0.402500
-0.000073

0.405500
0.000017

0.399000
0.000045

0.401000
0.000000

0.398000
0.000067

0.402000
0.000022

0.396500
-0.000017

0.398500
0.000028

0.404500
-0.000017

0.394000
-0.000045

0.400000
0.000045

0.399500
-0.000073

0.260000
0.000067

0.000000
0.000000

0.000000
0.000000

0.000000
0.000000

0.000000
0.000000

0.000000
0.000560

-0.001000
0.000616

0.002500
0.000644

0.000000
0.000661

-0.001000
0.000672

-0.002500
0.000655

0.001500
0.000644

0.000500
0.000633

-0.001500
0.000610

0.002500
0.000610

0.001000
0.000661

-0.002000
0.000627

0.000500
0.000666

-0.002000
0.000594

0.000500
0.000689

-0.000500
0.000644

-0.001500
0.000610

0.002500
0.000644

0.006500
0.000700

-0.002500
0.000655

-0.000500
0.000644

0.000000
0.000627

0.043500
0.000487

0.064000
0.000717

0.235500
0.000644

0.405500
0.000610

0.402000
0.000638

0.400000
0.000515

0.398500
0.000330

0.411000
0.000347

0.402500
0.000286

0.400500
0.000162

0.411500
0.000084

0.397500
0.000062

0.403500
0.000062

0.402500
0.000073

0.401500
-0.000017

0.403000
0.000078

0.402500
0.000017

0.403500
0.000095

0.401000
-0.000056

0.396000
0.000000

0.398000
0.000022

0.406000
0.000000

0.400000
-0.000045

0.396000
0.000000

0.147500
0.000095

0.000000
0.000000

0.000000
0.000000

0.000000
0.000000

0.000000
0.000000

0.168500
0.000398

0.361000
0.000381

0.405500
0.000252

0.405000
0.000213

0.400000
0.000112

0.401000
0.000168

0.399000
0.000045

0.399500
0.000073

0.396500
0.000050

0.399500
0.000039

0.403000
0.000078

0.393500
-0.000073

0.401000
0.000101

0.396000
0.000000

0.394500
0.000017

0.401500
0.000017

0.403500
-0.000028

0.372500
0.000050

0.318500
0.000006

0.255000
-0.000022

0.198500
-0.000095

0.162500
0.000039

0.141500
0.000050

0.113500
0.000017

0.000000
0.000000

0.000000
0.000000

0.000000
0.000000

0.000000
0.000661

0.005500
0.000711

0.004500
0.000610

0.005000
0.000616

-0.002000
0.000594

-0.028000
0.000314

-0.005500
0.000622

-0.001500
0.000678

0.000000
0.000000

0.000000
0.000000

0.000000
0.000000

0.000000
0.000000

0.000000
0.000000

-0.001000
-0.000650

0.001000
-0.000627

0.000000
-0.000627

0.053000
-0.000594

0.068500
-0.000767

0.088500
-0.000431

0.217000
-0.000750

0.270500
-0.000644

0.315500
-0.000554

0.351000
-0.000392

0.351500
-0.000330

0.364500
-0.000252

0.358500
-0.000241

0.371000
-0.000168

0.389000
-0.000168

0.382000
-0.000157

0.401000
-0.000157

0.404500
-0.000050

0.393000
-0.000146

0.401500
-0.000095

0.397500
-0.000062

0.408000
-0.000045

0.398000
-0.000090

0.402000
-0.000022

0.404500
0.000017

0.400500
-0.000006

0.399000
0.000011

0.398000
0.000022

0.398000
0.000190

0.398000
0.000403

0.395000
0.000459

0.178500
0.001070

0.000000
0.000000

0.000000
0.000000

0.000000
0.000000

0.000000
0.000000

0.000000
0.000000

0.000000
0.000000

0.000000
0.000000

0.000000
0.000000

0.000000
0.000000

0.000000
0.000000

0.000000
0.000000

0.000000
0.000000

0.000000
0.000000

0.000000
0.000000

0.000000
0.000000

0.000000
0.000000

0.000000
0.000000

0.003500
0.000633

0.030000
0.000336

0.000000
0.000627

0.027000
0.000302

0.000000
0.000000

-0.006000
-0.000762

-0.002500
0.000689

-0.001000
0.000650

-0.001500
0.000610

0.062000
0.000694

0.241000
0.000739

0.346500
0.000487

0.408500
0.000644

0.408500
0.000476

0.404000
0.000325

0.407000
0.000269

0.409500
0.000196

0.404000
0.000190

0.397000
0.000213

0.410000
0.000258

0.399500
0.000207

0.395000
0.000269

0.406000
0.000280

0.403500
0.000297

0.199500
0.001193

0.000000
0.000000

0.000000
0.000000

0.000000
0.000000

0.000000
0.000000

0.000000
0.000000

0.000000
0.000000

0.000000
0.000000

0.000000
0.000000

0.000000
0.000000

0.000000
0.000000

0.131000
0.000213

0.331000
0.000134

0.402000
0.000213

0.398000
0.000067

0.408500
0.000084

0.408000
0.000090

0.403000
0.000034

0.405000
0.000045

0.402000
0.000045

0.405500
0.000017

0.406500
-0.000006

0.401500
0.000062

0.412000
0.000426

0.394500
0.000263

0.398500
0.000230

0.405000
0.000179

0.398500
0.000162

0.394000
0.000146

0.398500
0.000062

0.407500
0.000084

0.397500
0.000062

0.403000
0.000112

0.402500
-0.000017

0.399000
0.000045

0.399000
-0.000011

0.402000
-0.000011

0.402500
0.000050

0.398000
-0.000034

0.400000
0.000000

0.399500
0.000017

0.398000
0.000022

0.405000
-0.000022

0.403000
-0.000034

0.406500
-0.000095

0.405000
0.000011

0.403500
-0.000062

0.396000
0.000000

0.403500
0.000006

0.399000
-0.000011

0.402000
0.000011

0.395000
-0.000067

0.400500
-0.000006

0.397500
-0.000028

0.396000
0.000000

0.401500
0.000017

0.403500
-0.000028

0.398000
0.000034

0.395500
0.000006

0.406500
0.000006

0.407500
0.000017

0.398000
0.000034

0.395500
-0.000129

0.394000
-0.000011

0.395500
0.000006

0.395500
-0.000006

0.399000
-0.000011

0.397000
0.000011

0.395500
0.000006

0.221500
0.000174

0.000000
0.000000

0.000000
0.000000

0.000000
0.000000

0.000000
0.000000

0.129500
-0.000610

0.307000
-0.000594

0.418000
-0.000493

0.398000
-0.000426

0.392000
-0.000269

0.352500
-0.000174

0.358500
-0.000218

0.405500
-0.000106

0.406000
-0.000067

0.393500
-0.000106

0.403500
-0.000062

0.396500
-0.000039

0.397000
-0.000045

0.399500
-0.000073

0.400500
-0.000028

0.403000
0.000000

0.365500
-0.000039

0.304000
0.000090

0.244500
0.000017

0.227000
0.000034

0.191500
-0.000017

0.143500
-0.000017

0.062500
-0.000062

0.000000
0.000000

0.000000
0.000000

0.000000
0.000000

-0.026000
0.000291

0.004500
0.000610

0.139500
0.000790

0.249000
0.000706

0.272000
0.000661

0.298500
0.000622

0.332000
0.000638

0.370500
0.000678

0.041500
-0.000465

-0.005500
0.000622

-0.004500
0.000678

0.002000
0.000650

0.046500
0.000521

0.052000
0.000582

0.081000
0.000907

0.201000
0.000683

0.294500
0.000655

0.351500
0.000622

0.407000
0.000594

0.395500
0.000655

0.402500
0.000442

0.399000
0.000414

0.407000
0.000269

0.399500
0.000286

0.398500
0.000196

0.401000
0.000202

0.404500
0.000129

0.403500
0.000062

0.408000
0.000090

0.398000
0.000034

0.398000
0.000123

0.409500
0.000039

0.407000
0.000000

0.397000
-0.000146

0.404500
-0.000610

0.396500
-0.000644

0.401500
-0.000689

0.399500
-0.000666

0.395500
-0.000622

0.395000
-0.000594

0.395000
-0.000392

0.401000
-0.000258

0.396500
-0.000286

0.399000
-0.000146

0.402500
-0.000106

0.397000
-0.000112

0.400500
-0.000028

0.407000
-0.000067

0.397500
-0.000028

0.399500
-0.000084

0.402000
-0.000022

0.400000
0.000000

0.403000
0.000000

0.388500
-0.000017

0.398500
-0.000028

0.033000
-0.000370

0.000000
0.000000

0.000000
0.000000

0.000000
0.000000

0.000000
0.000000

0.000000
0.000000

0.000000
0.000000

0.000000
0.000000

-0.001500
-0.000577

0.044500
-0.000498

0.194000
-0.000739

0.405000
-0.000638

0.404000
-0.000560

0.402500
-0.000644

0.402500
-0.000644

0.394500
-0.000398

0.402500
-0.000218

0.401000
-0.000190

0.402000
-0.000146

0.396500
-0.000140

0.402500
-0.000084

0.402500
-0.000118

0.397500
-0.000028

0.398500
-0.000062

0.395000
-0.000101

0.403000
0.000000

0.405500
-0.000017

0.399000
0.000011

0.396500
-0.000050

0.404000
0.000034

0.399000
0.000011

0.395500
0.000028

0.408500
-0.000017

0.408000
-0.000179

0.394000
0.000045

0.403500
-0.000006

0.399500
-0.000039

0.405000
-0.000045

0.399500
0.000039

0.400500
0.000006

0.398000
0.000000

0.395000
-0.000101

0.401500
0.000129

0.403500
0.000039

0.400000
0.000000

0.401500
0.000017

0.399500
0.000039

0.403500
0.000006

0.400500
-0.000006

0.379500
-0.000017

0.402500
-0.000050

0.397500
0.000028

0.406500
0.000062

0.402000
-0.000078

0.000000
0.000000

0.000000
0.000000

0.000000
0.000000

0.000000
0.000000

0.000000
0.000000

0.000000
0.000000

0.000000
0.000000

0.069500
-0.000778

0.154000
-0.000762

0.355000
-0.000582

0.400000
-0.000347

0.396500
-0.000218

0.405500
-0.000118

0.400000
-0.000146

0.402500
-0.000118

0.400000
-0.000078

0.402000
-0.000078

0.407000
-0.000034

0.393500
-0.000050

0.394000
-0.000078

0.393500
-0.000084

0.398000
0.000034

0.403000
0.000000

0.399000
-0.000011

0.402500
-0.000017

0.403000
0.000000

0.402000
-0.000022

0.398000
-0.000067

0.399500
-0.000106

0.398500
0.000062

0.406500
0.000028

0.398000
0.000000

0.401000
0.000034

0.407000
0.000000

0.381500
0.000017

0.402000
-0.000022

0.401500
-0.000017

0.400500
-0.000062

0.400500
0.000028

0.395000
0.000000

0.401500
-0.000062

0.405000
-0.000011

0.396500
0.000017

0.398000
0.000034

0.401500
0.000017

0.395500
-0.000006

0.402000
0.000045

0.401500
0.000129

0.399000
0.000011

0.390500
-0.000017

0.401000
0.000000

0.386000
0.000000

0.325500
-0.000017

0.042000
-0.000470

0.000000
0.000000

0.000000
0.000000

0.000000
0.000000

0.000000
0.000000

0.151000
0.000370

0.336000
0.000336

0.401500
0.000330

0.398000
0.000168

0.396500
0.000185

0.401500
0.000129

0.399500
0.000106

0.392000
0.000123

0.404500
0.000095

0.399500
0.000039

0.399000
0.000011

0.402000
0.000022

0.404000
0.000067

0.394500
-0.000017

0.401000
0.000056

0.402000
0.000022

0.395500
0.000006

0.399000
-0.000045

0.400500
0.000230

0.411000
-0.000022

0.401500
0.000017

0.395500
0.000006

0.398500
0.000028

0.408000
-0.000011

0.401500
-0.000017

0.406500
0.000006

0.402500
0.000050

0.403500
0.000062

0.404000
0.000034

0.405000
0.000045

0.403500
-0.000039

0.398000
-0.000034

0.404000
0.000000

0.403500
-0.000006

0.397500
0.000028

0.388000
0.000078

0.380000
0.000034

0.318000
0.000000

0.260500
0.000017

0.216000
0.000000

0.164500
-0.000017

0.117000
0.000022

0.000000
0.000000

0.000000
0.000000

0.000000
0.000000

0.000000
0.000000

0.000000
0.000000

0.000000
0.000000

0.000000
0.000000

0.000000
0.000000

0.000000
0.000694

0.000500
0.000599

0.006500
0.000655

0.046000
0.000515

0.187500
0.000734

0.334000
0.000661

0.389500
0.000622

0.401000
0.000661

0.394000
0.000605

0.402000
0.000538

0.396500
0.000386

0.408500
0.000274

0.401000
0.000190

0.395000
0.000190

0.396500
0.000073

0.407000
0.000134

0.400500
0.000028

0.404000
0.000067

0.405500
0.000017

0.398000
0.000056

0.398000
0.000034

0.400000
0.000112

0.406000
0.000067

0.402500
0.000140

0.397000
0.000078

0.405000
0.000022

0.396500
0.000050

0.400500
0.000062

0.399500
0.000252

0.403000
0.000314

0.364000
-0.000403

-0.018500
-0.001562

0.000000
0.000000

0.000000
0.000000

0.000000
0.000000

0.000000
0.000000

0.000000
0.000000

-0.029000
0.000325

-0.030500
0.000342

0.002500
0.000678

0.003500
0.000633

0.001500
0.000678

-0.004000
0.000616

-0.002500
0.000655

0.062500
0.000700

0.136500
0.000689

0.160000
0.000694

0.191000
0.000638

0.209000
0.000661

0.247500
0.000655

0.246500
0.000174

0.000000
0.000000

0.000000
0.000000

0.000000
0.000000

0.000000
0.000000

0.000000
0.000000

0.000000
0.000000

0.000000
-0.000627

0.034000
-0.000381

0.000000
0.000000

0.000000
0.000000

0.028000
0.000314

0.069500
0.000778

0.139500
0.000487

0.187000
0.000347

0.160000
0.000202

0.161000
0.000213

0.162500
0.000196

0.154000
0.000190

0.382500
0.000151

0.401500
0.000129

0.233000
0.000302

0.169500
0.000476

0.173000
0.000672

0.035500
0.000398

-0.028000
0.000314

0.001000
0.000694

0.029500
0.000330

0.081000
0.000907

0.201500
0.000655

0.248000
0.000616

0.266500
0.000678

0.315000
0.000661

0.360500
0.000577

0.398000
0.000650

0.398000
0.000459

0.375500
0.000274

0.350000
0.000179

0.330000
0.000168

0.406500
0.000162

0.402000
0.000146

0.406500
-0.000028

0.398500
-0.000129

0.402000
-0.000112

0.243000
0.000806

0.000000
0.000000

0.000000
0.000000

0.000000
0.000000

0.000000
0.000000

0.000000
0.000000

0.000000
0.000000

-0.031000
0.000347

-0.030500
0.000342

-0.000500
0.000644

0.003500
0.000622

-0.001500
0.000610

-0.000500
0.000678

0.000500
0.000689

-0.003500
0.000610

-0.004500
0.000644

0.000000
0.000000

0.000000
0.000000

0.000000
0.000000

0.000000
0.000000

0.000000
0.000000

0.000000
0.000000

0.000000
0.000000

0.000000
0.000000

0.000000
0.000000

-0.002000
0.000627

0.060500
0.000678

0.335000
0.000650

0.404000
0.000661

0.400500
0.000498

0.400000
0.000314

0.403500
-0.000028

0.025000
-0.000280

-0.029500
-0.000330

0.003000
-0.000627

0.003000
-0.000594

0.001000
-0.000661

0.006500
-0.000633

0.001500
-0.000610

0.025500
-0.000286

-0.001000
-0.000616

0.003000
-0.000627

0.001000
-0.000627

0.036000
-0.000403

0.158500
-0.000745

0.336500
-0.000666

0.396500
-0.000610

0.406500
-0.000689

0.406000
-0.000672

0.399500
-0.000633

0.403500
-0.000599

0.393500
-0.000476

0.399500
-0.000308

0.403500
-0.000263

0.403500
-0.000230

0.399500
-0.000118

0.395000
-0.000123

0.405000
-0.000011

0.401000
-0.000034

0.399000
-0.000078

0.402500
-0.000017

0.394000
-0.000022

0.399500
0.000084

0.399000
-0.000011

0.404500
-0.000050

0.398500
0.000028

0.400500
0.000006

0.400000
-0.000045

0.401500
0.000017

0.407500
-0.000084

0.402500
-0.000151

0.402000
-0.000146

0.000000
0.000000

0.000000
0.000000

0.000000
0.000000

0.000000
0.000000

0.000000
0.000000

0.000000
0.000000

0.000000
0.000000

0.046500
-0.000521

0.000000
0.000000

0.000000
0.000000

0.068000
-0.000762

0.142500
-0.000554

0.167500
-0.000510

0.224500
-0.000330

0.233000
-0.000101

0.265500
-0.000263

0.302000
-0.000347

0.326000
-0.000347

0.394500
-0.000095

0.409000
-0.000101

0.399500
-0.000050

0.380000
-0.000101

0.300500
-0.000689

0.266000
-0.000594

0.245000
-0.000627

0.286500
-0.000655

0.314000
-0.000638

0.333500
-0.000566

0.354000
-0.000661

0.392000
-0.000627

0.400000
-0.000672

0.406500
-0.000622

0.400500
-0.000622

0.389500
-0.000633

0.410000
-0.000493

0.402000
-0.000381

0.397500
-0.000297

0.203000
0.001154

-0.032000
-0.000358

0.000000
0.000000

0.000000
0.000000

0.000000
0.000000

0.000000
0.000000

0.000000
0.000000

-0.027500
0.000308

-0.003000
0.000661

0.000000
0.000661

0.000500
0.000633

-0.002500
0.000655

0.001000
0.000627

-0.002500
0.000622

-0.002000
0.000694

0.000000
0.000627

-0.004000
0.000650

-0.001000
0.000605

-0.026000
0.000291

0.000500
0.000633

0.003500
0.000655

0.000500
0.000666

-0.001000
0.000638

0.003500
0.000599

-0.001500
0.000610

0.002000
0.000616

0.034500
0.000386

0.065000
0.000728

0.142000
0.000650

0.345000
0.000650

0.398000
0.000627

0.406500
0.000655

0.403500
0.000689

0.409500
0.000431

0.399500
0.000274

0.402000
0.000146

0.398000
-0.000067

0.398500
-0.000095

0.406500
-0.000162

0.398500
-0.000330

0.400500
-0.000431

0.401000
-0.000594

0.398000
-0.000504

0.406500
-0.000263

0.394500
-0.000398

0.404500
-0.000465

0.402500
-0.000633

0.397500
-0.000532

0.402500
-0.000442

0.363500
-0.000364

0.360000
-0.000302

0.205500
0.000980

0.000000
0.000000

0.000000
0.000000

0.000000
0.000000

0.000000
0.000000

-0.025000
0.000280

-0.002000
0.000661

0.030000
0.000336

0.005000
0.000638

0.128000
-0.000168

0.268500
-0.000420

0.330000
-0.000526

0.364000
-0.000650

0.402000
-0.000549

0.393500
-0.000386

0.403500
-0.000330

0.393500
-0.000308

0.401000
-0.000291

0.398000
-0.000134

0.394500
-0.000162

0.000000
0.000000

0.000000
0.000000

0.000000
0.000000

0.000000
0.000000

0.000000
0.000000

0.000000
0.000000

-0.001000
0.000638

0.002000
0.000616

0.000500
0.000689

-0.002000
0.000594

0.000500
0.000655

-0.001500
0.000644

-0.002500
0.000588

-0.001000
0.000616

0.003500
0.000655

-0.002500
0.000633

0.000000
0.000627

-0.025000
0.000280

0.002000
0.000706

0.000500
0.000633

-0.001500
0.000610

0.001000
0.000594

-0.000500
0.000577

0.002000
0.000605

0.002000
0.000582

0.000000
0.000661

-0.000500
0.000610

-0.003000
0.000627

0.000500
0.000633

0.000500
0.000622

-0.001000
0.000683

0.045000
0.000504

0.088500
0.000991

0.310500
0.000678

0.403500
0.000599

0.400500
0.000655

0.402000
0.000672

0.403500
0.000588

0.398000
0.000426

0.399500
0.000241

0.399500
0.000207

0.406500
0.000129

0.399500
0.000073

0.402500
0.000106

0.406500
0.000062

0.396500
0.000073

0.399000
-0.000045

0.402500
0.000017

0.406000
0.000034

0.393500
0.000073

0.401500
0.000017

0.265500
-0.000006

0.000000
0.000000

0.000000
0.000000

0.000000
0.000000

0.000000
0.000000

0.000000
0.000000

-0.003500
0.000644

0.062000
0.000694

0.227500
0.000734

0.388000
0.000582

0.404500
0.000330

0.393500
0.000241

0.404500
0.000162

0.400000
0.000146

0.394500
0.000095

0.393000
0.000000

0.398000
0.000090

0.398500
0.000062

0.401500
0.000017

0.402000
-0.000022

0.394500
0.000062

0.404500
-0.000017

0.398000
0.000034

0.399500
0.000017

0.397000
-0.000011

0.403500
-0.000006

0.399500
0.000039

0.402000
-0.000022

0.405000
0.000022

0.401500
-0.000017

0.395500
0.000028

0.407000
0.000034

0.399500
-0.000039

0.398500
0.000062

0.397000
0.000011

0.400500
-0.000006

0.402500
0.000017

0.399000
-0.000011

0.400500
-0.000028

0.401000
0.000056

0.400000
-0.000078

0.401500
-0.000017

0.406500
0.000006

0.399000
0.000011

0.400000
0.000000

0.409500
-0.000028

0.401000
-0.000056

0.396000
0.000045

0.399000
0.000011

0.399000
-0.000011

0.403000
0.000034

0.399000
-0.000011

0.152500
-0.000353

0.000000
0.000000

0.000000
0.000000

0.000000
0.000000

0.000000
0.000000

0.000000
0.000000

0.146500
0.000342

0.388500
0.000510

0.407000
0.000426

0.400500
0.000364

0.402000
0.000280

0.390500
0.000185

0.396000
0.000146

0.406000
0.000112

0.395500
0.000028

0.399500
0.000050

0.401000
0.000101

0.398000
0.000022

0.402000
0.000078

0.391500
-0.000017

0.400500
0.000006

0.398000
0.000000

0.401500
-0.000017

0.401000
0.000056

0.399500
-0.000039

0.394000
-0.000045

0.393500
0.000017

0.403500
-0.000039

0.397500
-0.000062

0.402000
-0.000011

0.397500
-0.000028

0.382000
-0.000022

0.320000
-0.000011

0.265500
-0.000006

0.219000
0.000000

0.174500
-0.000073

0.140000
0.000000

0.108000
-0.000022

0.000000
0.000000

0.000000
0.000000

0.000000
0.000000

0.000000
0.000000

-0.025000
0.000280

0.000000
0.000000

0.029500
0.000330

0.006000
0.000627

0.131000
0.000773

0.196500
0.000678

0.234500
0.000644

0.281000
0.000594

0.304000
0.000493

0.306500
0.000398

0.337500
0.000241

0.350000
0.000246

0.346000
0.000213

0.362000
0.000134

0.394500
0.000196

0.402000
0.000112

0.400500
0.000162

0.399000
0.000246

0.402500
0.000084

0.397000
0.000482

0.344000
0.000638

0.338000
0.000672

0.389500
0.000655

0.359500
0.000633

0.243000
0.000638

0.185500
0.000442

0.000000
0.000000

0.000000
0.000000

0.000000
0.000000

0.000000
0.000000

0.000000
0.000000

-0.030500
0.000342

0.005000
0.000650

0.000500
0.000622

0.000000
0.000661

0.000500
0.000599

-0.001000
0.000605

0.000500
0.000655

-0.001000
0.000616

-0.001000
0.000672

0.000500
0.000588

0.001000
0.000594

0.000500
0.000666

0.000500
0.000633

0.004500
0.000644

0.081500
0.000913

0.301000
0.000594

0.179000
0.000706

0.032500
-0.000364

0.115500
-0.000566

0.168500
-0.000655

0.197000
-0.000605

0.234500
-0.000442

0.257000
-0.000325

0.246500
-0.000174

0.294500
-0.000095

0.413500
0.000050

0.362500
0.000398

0.292500
0.000196

0.321500
0.000666

0.329500
0.000610

0.304500
0.000689

0.000000
0.000000

0.000000
0.000000

0.000000
0.000000

0.000000
0.000000

0.000000
0.000000

0.002500
0.000610

0.000500
0.000689

0.068000
0.000762

0.237000
0.000526

0.404000
0.000336

0.401000
0.000202

0.398500
0.000230

0.405500
0.000174

0.398000
0.000067

0.400000
0.000112

0.401000
0.000067

0.403500
0.000095

0.408000
0.000090

0.396500
0.000073

0.405000
0.000056

0.396000
-0.000045

0.405500
0.000050

0.407500
-0.000017

0.407000
0.000000

0.402000
-0.000022

0.401000
0.000034

0.409500
0.000028

0.398000
0.000000

0.398000
-0.000022

0.411000
0.000011

0.401500
-0.000017

0.399000
-0.000011

0.409500
-0.000006

0.397000
-0.000011

0.402500
0.000017

0.409500
-0.000028

0.403500
0.000062

0.401500
0.000017

0.398500
-0.000028

0.406000
0.000000

0.399000
0.000011

0.397000
0.000011

0.404500
0.000017

0.398500
-0.000028

0.399500
-0.000039

0.404000
0.000067

0.397000
-0.000011

0.397000
0.000011

0.398500
-0.000028

0.399000
-0.000045

0.334000
0.000067

0.000000
0.000000

0.000000
0.000000

0.000000
0.000000

0.000000
0.000000

0.000000
0.000000

0.000000
0.000000

0.074500
-0.000207

0.273000
-0.000538

0.406500
-0.000622

0.392500
-0.000498

0.404000
-0.000291

0.401000
-0.000291

0.398500
-0.000196

0.401500
-0.000095

0.405000
-0.000112

0.399500
-0.000118

0.406000
-0.000067

0.399000
-0.000078

0.420500
-0.000050

0.398000
-0.000056

0.404000
-0.000034

0.404500
0.000263

0.394500
-0.000017

0.419000
0.000000

0.403500
0.000039

0.396000
0.000000

0.399500
-0.000017

0.408000
0.000022

0.398000
0.000034

0.398000
0.000000

0.398000
-0.000034

0.400000
0.000045

0.400500
0.000006

0.399000
0.000146

0.401000
0.000000

0.341000
-0.000022

0.277000
0.000000

0.222000
0.000034

0.180500
-0.000006

0.155000
0.000011

0.132000
0.000090

0.000000
0.000000

0.000000
0.000000

0.000000
0.000000

0.000000
0.000000

0.000000
0.000000

0.000000
0.000000

0.000000
0.000000

0.000000
0.000000

0.000000
0.000000

0.000000
0.000000

0.000000
0.000000

0.000000
0.000000

0.404000
0.000034

0.411500
0.000017

0.400500
-0.000028

0.405000
0.000011

0.407500
0.000129

0.395000
0.000134

0.401000
0.000123

0.412500
0.000162

0.405000
0.000056

0.400500
-0.000006

0.408000
-0.000022

0.395500
-0.000162

0.412500
-0.000140

0.348000
0.000101

0.092000
0.000101

0.000000
0.000000

0.000000
0.000000

0.000000
0.000000

0.000000
0.000000

0.000000
0.000000

0.000000
0.000000

0.000000
0.000000

0.000000
0.000000

0.000000
0.000000

0.000000
0.000000

0.000000
0.000000

0.000000
0.000000

0.000000
0.000000

0.000000
0.000000

0.000000
0.000000

0.000000
0.000000

0.000000
0.000000

0.000000
0.000000

0.000000
0.000000

0.000000
0.000000

0.000000
0.000000

0.000000
0.000000

-0.029500
0.000330

0.009500
0.000689

0.000000
0.000000

0.000000
0.000000

-0.000500
0.000644

-0.003500
0.000610

0.002000
0.000672

-0.001000
0.000650

0.001000
0.000627

0.001500
0.000610

0.001000
0.000627

0.000000
0.000000

0.000000
0.000000

0.000000
0.000000

0.000000
0.000000

0.000000
0.000000

0.000000
0.000000

0.000000
0.000000

0.000000
0.000000

-0.002500
0.000655

0.132000
0.000739

0.311000
0.000571

0.408000
0.000638

0.402500
0.000644

0.404500
0.000610

0.399000
0.000672

0.408000
0.000582

0.395000
0.000470

0.401500
0.000330

0.397000
0.000213

0.403500
0.000196

0.397500
0.000162

0.404500
0.000129

0.405500
0.000106

0.405000
0.000045

0.402000
-0.000011

0.393000
-0.000034

0.409500
0.000095

0.402000
-0.000045

0.402500
-0.000106

0.408000
-0.000090

0.401500
-0.000129

0.401000
-0.000134

0.408000
-0.000112

0.402500
-0.000140

0.401500
-0.000062

0.399500
-0.000106

0.398000
0.000000

0.398500
-0.000028

0.403500
-0.000039

0.399500
0.000017

0.400500
-0.000028

0.399000
-0.000011

0.403000
0.000000

0.401500
0.000017

0.395000
-0.000056

0.399000
0.000045

0.402000
0.000022

0.398500
-0.000028

0.402500
-0.000017

0.401500
-0.000062

0.395000
0.000056

0.402500
-0.000017

0.401000
0.000000

0.401000
-0.000056

0.398000
-0.000034

0.396500
-0.000017

0.400000
-0.000045

0.400000
0.000045

0.395500
-0.000095

0.406000
0.000034

0.401500
-0.000017

0.402500
-0.000017

0.406000
0.000034

0.398000
-0.000022

0.397000
-0.000078

0.396500
-0.000106

0.407000
-0.000101

0.397000
-0.000045

0.400000
-0.000112

0.379000
-0.000123

0.399500
-0.000017

0.399500
-0.000084

0.145000
0.001624

0.000000
0.000000

0.000000
0.000000

0.000000
0.000000

0.000000
0.000000

0.000000
0.000000

0.000000
0.000000

0.000000
0.000000

0.243000
0.000448

0.303500
0.000364

0.084000
-0.000067

0.000000
0.000000

0.051500
-0.000577

0.133000
-0.000291

0.157000
-0.000235

0.210000
-0.000168

0.401000
-0.000134

0.406500
-0.000028

0.256500
0.000487

0.034500
-0.000386

0.000000
0.000000

0.000000
0.000000

0.000000
0.000000

0.000000
0.000000

0.000000
-0.000560

0.000000
0.000000

-0.004500
-0.000610

0.002500
-0.000610

-0.001000
-0.000672

-0.002500
-0.000633

0.000000
-0.000627

0.000000
-0.000627

-0.004000
-0.000672

-0.001000
-0.000650

-0.001000
-0.000616

-0.002000
-0.000661

-0.001500
-0.000644

-0.002500
-0.000633

-0.001000
-0.000616

-0.002500
-0.000666

0.037500
-0.000420

0.161500
-0.000185

0.170000
-0.000179

0.012500
-0.000722

0.000000
-0.000661

0.002000
-0.000582

-0.001000
-0.000650

-0.001000
-0.000672

-0.001500
-0.000644

-0.001000
-0.000672

-0.002500
-0.000666

-0.002500
-0.000622

-0.001000
-0.000650

0.000500
-0.000599

-0.001000
-0.000638

-0.001000
-0.000650

0.001500
-0.000610

0.003000
-0.000594

0.001000
-0.000661

-0.001000
-0.000650

0.001500
-0.000644

0.000500
-0.000666

-0.001000
-0.000616

-0.002500
-0.000655

-0.003000
-0.000627

0.000500
-0.000655

0.000500
-0.000633

-0.003500
-0.000644

0.048000
-0.000538

0.047500
-0.000532

0.198500
-0.000722

0.402500
-0.000610

0.399500
-0.000610

0.403500
-0.000398

0.407000
-0.000202

0.403000
-0.000112

0.399500
-0.000073

0.396500
0.000106

0.400000
0.000112

0.405500
0.000409

0.269500
0.000610

0.246500
0.000666

0.009500
0.000700

0.034000
0.000381

-0.003500
0.000644

0.057500
0.000644

0.038500
0.000431

0.180500
0.000633

0.405500
0.000610

0.399000
0.000672

0.393000
0.000594

0.403500
0.000655

0.403500
0.000622

0.403000
0.000594

0.405000
0.000605

0.399000
0.000549

0.401500
0.000543

0.406500
0.000554

0.396500
0.000442

0.396000
0.000482

0.402000
0.000482

0.405000
0.000314

0.401500
0.000230

0.401500
0.000230

0.326500
0.000263

0.000000
0.000000

0.000000
0.000000

0.000000
0.000000

0.000000
0.000000

0.000000
0.000000

0.000000
0.000000

0.211000
0.000078

0.373500
0.000151

0.409500
0.000039

0.403000
0.000034

0.396500
0.000050

0.408000
0.000011

0.397000
0.000045

0.398500
0.000028

0.397000
-0.000045

0.406500
-0.000006

0.400500
0.000062

0.400500
0.000062

0.401500
0.000017

0.402000
-0.000022

0.399500
-0.000050

0.400500
-0.000006

0.405000
-0.000022

0.394000
0.000011

0.404500
0.000017

0.406500
-0.000028

0.401000
0.000067

0.395000
-0.000157

0.403000
-0.000034

0.405000
-0.000011

0.402000
0.000022

0.406500
0.000039

0.399500
0.000017

0.398000
0.000000

0.408500
0.000050

0.395500
-0.000062

0.402500
-0.000017

0.401000
-0.000056

0.410000
0.000000

0.394000
-0.000011

0.360500
0.000050

0.264000
-0.000011

0.205000
0.000056

0.176000
0.000011

0.132000
-0.000022

0.058000
0.000078

0.000000
0.000000

0.000000
0.000000

0.000000
0.000000

0.000000
0.000000

0.000000
0.000000

0.027000
0.000302

-0.002500
0.000599

0.002000
0.000582

0.000000
0.000661

-0.000500
0.000577

0.002000
0.000616

-0.001500
0.000678

0.000500
0.000655

-0.003000
0.000627

0.003000
0.000627

-0.001000
0.000638

-0.002500
0.000622

-0.001000
0.000672

0.001500
0.000644

-0.002000
0.000661

0.003000
0.000594

-0.002500
0.000689

0.125500
-0.000017

0.000000
0.000000

0.000000
0.000000

0.000000
0.000000

0.000000
0.000000

0.000000
0.000000

0.000000
0.000000

0.000000
0.000000

0.030000
0.000336

0.062500
0.000700

0.214000
0.000616

0.381000
0.000661

0.271500
0.000521

-0.035500
-0.000398

0.000000
0.000000

-0.010500
-0.000678

-0.007000
-0.000638

0.002000
-0.000650

0.275500
-0.000745

0.345500
-0.000588

0.394500
-0.000655

0.405500
-0.000118

0.405000
-0.000011

0.394500
0.000129

0.404000
0.000101

0.402500
0.000252

0.395500
0.000230

0.398500
0.000330

0.398000
0.000370

0.401000
0.000437

0.330500
0.000498

0.401000
0.000594

0.405500
0.000678

0.395500
0.000622

0.349000
0.000638

0.333500
0.000420

0.391500
0.000050

0.276500
-0.000510

0.038500
-0.000431

0.000000
0.000000

0.000500
-0.000599

0.000000
0.000000

0.000000
0.000000

0.000000
0.000000

0.000000
0.000000

0.000000
0.000000

0.000000
0.000000

0.000000
0.000000

0.000000
0.000000

0.000000
0.000000

0.000000
0.000000

0.000000
0.000000

0.000000
0.000000

0.000000
0.000000

0.000000
0.000000

0.000000
0.000000

0.000000
0.000000

0.000000
0.000000

0.000000
0.000000

-0.032500
0.000364

-0.004000
0.000638

-0.003000
0.000627

0.000500
0.000633

-0.006000
0.000627

0.005000
0.000638

0.000500
0.000655

0.001000
0.000594

-0.005500
0.000689

-0.002000
0.000661

-0.006000
0.000694

0.002000
0.000638

-0.002500
0.000622

0.000500
0.000655

-0.001000
0.000672

0.000000
0.000627

0.000000
0.000000

0.000000
0.000000

0.000000
0.000000

0.000500
-0.000666

-0.001000
-0.000638

0.003000
-0.000661

0.001500
-0.000610

0.003000
-0.000627

-0.002500
-0.000655

-0.004000
-0.000605

0.002500
-0.000644

0.002000
-0.000650

0.002000
-0.000638

0.002000
-0.000650

-0.004000
-0.000672

0.052000
-0.000582

0.000000
0.000000

0.040500
-0.000454

-0.032500
-0.000364

0.106500
-0.000330

0.037500
-0.000420

0.075500
-0.000846

0.076500
-0.000857

-0.033500
-0.000375

-0.044500
-0.000498

-0.028000
-0.000314

-0.061500
-0.000689

0.077000
-0.000862

0.278500
-0.000644

0.405500
-0.000666

0.400000
-0.000638

0.411500
-0.000644

0.403500
-0.000599

0.407000
-0.000627

0.411000
-0.000638

0.403500
-0.000689

0.396500
-0.000678

0.403000
-0.000594

0.398500
-0.000431

0.395500
-0.000330

0.404500
-0.000230

0.405500
-0.000207

0.399000
-0.000146

0.399500
-0.000106

0.402500
-0.000106

0.404000
-0.000101

0.404000
0.000000

0.398000
0.000022

0.405500
0.000017

0.404000
0.000000

0.404000
0.000000

0.398000
0.000090

0.403500
-0.000095

0.401500
0.000017

0.391500
0.000050

0.222500
-0.000017

0.000000
0.000000

0.000000
0.000000

0.000000
0.000000

0.000000
0.000000

0.000000
0.000000

0.000000
0.000000

0.000000
0.000000

0.000000
0.000000

0.000000
0.000000

0.000000
0.000000

0.000000
0.000000

0.000000
0.000000

0.000000
0.000000

0.000000
0.000000

0.000000
0.000000

0.000000
0.000000

0.000000
0.000000

0.000000
0.000000

0.096500
0.000286

0.178000
0.000358

0.404000
0.000157

0.403000
-0.000078

0.395500
-0.000196

0.400000
-0.000045

0.407000
-0.000101

0.393500
-0.000174

0.404000
-0.000157

0.408000
-0.000056

0.406500
-0.000129

0.406500
-0.000039

0.404500
-0.000095

0.399500
-0.000106

0.399000
-0.000045

0.405000
-0.000045

0.402000
-0.000078

0.402000
-0.000022

0.406500
0.000062

0.404000
-0.000123

0.399500
-0.000073

0.398500
-0.000062

0.399000
-0.000045

0.399000
-0.000011

0.402000
-0.000022

0.397500
-0.000162

0.406500
-0.000006

0.392500
0.000006

0.401500
-0.000017

0.402500
0.000017

0.394000
-0.000011

0.399000
0.000011

0.412500
0.000062

0.399500
-0.000073

0.399500
-0.000073

0.411000
-0.000090

0.402000
-0.000179

0.396500
-0.000151

0.402500
-0.000084

0.403500
-0.000028

0.408000
-0.000045

0.394000
-0.000078

0.403000
0.000000

0.403000
-0.000034

0.400500
-0.000028

0.398000
-0.000056

0.403500
-0.000095

0.399000
-0.000112

0.401000
-0.000291

0.411000
-0.000381

0.399500
-0.000442

0.404000
-0.000493

0.401000
-0.000493

0.399500
-0.000599

0.398000
-0.000650

0.396000
-0.000560

0.401000
-0.000560

0.401000
-0.000392

0.408500
-0.000476

0.399500
-0.000420

0.399500
-0.000644

0.400500
-0.000622

0.402500
-0.000633

0.396000
-0.000560

0.243500
0.000106

0.057000
-0.001288

-0.026000
-0.001187

0.000000
0.000000

0.000000
0.000000

0.000000
0.000000

0.000000
0.000000

0.000000
0.000000

0.000000
0.000000

0.000000
0.000000

0.000000
0.000000

0.000000
0.000000

0.000000
0.000000

0.000000
0.000000

0.000000
0.000000

0.000000
0.000000

0.000000
0.000000

0.000000
0.000000

-0.032000
0.000358

-0.004500
0.000644

-0.031000
0.000347

-0.030500
0.000342

-0.004000
0.000638

-0.001000
0.000616

0.003500
0.000655

0.001500
0.000610

0.210000
0.000728

0.369500
0.000342

0.410500
0.000084

0.400000
0.000045

0.407500
0.000050

0.401000
-0.000034

0.386000
0.000034

0.329000
-0.000045

0.000000
0.000000

0.000000
0.000000

0.000000
0.000000

0.000000
0.000000

0.000000
0.000000

0.000000
0.000000

0.000000
0.000000

0.003000
-0.000627

-0.003500
-0.000610

0.000000
-0.000627

0.000000
0.000000

0.000000
0.000000

0.000000
0.000000

0.000000
0.000000

-0.026500
-0.000297

-0.003500
-0.000644

-0.000500
-0.000610

-0.000500
-0.000644

-0.001500
-0.000678

0.000000
0.000000

0.000000
0.000000

-0.002500
-0.000666

0.000000
-0.000594

0.000000
0.000000

0.000000
0.000000

0.000000
0.000000

-0.003500
-0.000644

-0.000500
-0.000644

-0.000500
-0.000644

0.000500
-0.000666

0.001000
-0.001120

0.000000
0.000000

0.000000
0.000000

0.002000
-0.000616

0.002000
-0.000616

0.000000
0.000000

0.083500
-0.000106

0.286000
-0.000661

0.408500
-0.000386

0.398000
-0.000291

0.394000
-0.000179

0.394000
-0.000112

0.399500
-0.000106

0.405000
-0.000022

0.402500
-0.000286

0.404000
0.000067

0.396500
0.000050

0.409000
0.000101

0.398500
0.000095

0.400000
0.000213

0.402000
0.000179

0.398000
0.000224

0.403000
0.000213

0.398500
0.000129

0.397000
0.000112

0.399500
0.000073

0.399500
0.000017

0.400500
-0.000006

0.401000
0.000067

0.403500
0.000028

0.189500
0.000633

0.000000
0.000000

0.000000
0.000000

0.000000
0.000000

0.000000
0.000000

0.000000
0.000000

0.000000
0.000000

0.000000
0.000000

-0.005000
0.000661

0.076500
0.000857

0.276000
0.000638

0.403500
0.000431

0.407000
0.000325

0.396500
0.000207

0.402500
0.000140

0.400000
0.000179

0.402500
0.000050

0.404000
0.000067

0.403500
0.000129

0.399500
0.000039

0.400500
0.000062

0.397000
-0.000045

0.402500
0.000017

0.398500
0.000028

0.399000
0.000045

0.401000
0.000000

0.399000
-0.000011

0.403000
0.000000

0.398000
-0.000034

0.402000
0.000022

0.403500
0.000095

0.400500
-0.000095

0.402000
-0.000022

0.401000
-0.000034

0.396000
0.000000

0.408000
0.000022

0.406000
0.000034

0.403500
0.000028

0.408000
0.000045

0.398500
-0.000028

0.398000
-0.000056

0.405000
0.000022

0.396500
0.000039

0.405000
-0.000011

0.398000
-0.000101

0.404500
0.000017

0.398000
-0.000022

0.399000
-0.000045

0.399500
0.000039

0.405000
-0.000045

0.396500
0.000039

0.403500
0.000028

0.403000
0.000000

0.235000
-0.000470

0.000000
0.000000

0.000000
0.000000

0.000000
0.000000

0.000000
0.000000

0.000000
0.000000

0.000000
0.000000

-0.001500
0.000610

-0.002500
0.000655

0.003500
0.000622

0.008000
0.000650

-0.002500
0.000633

0.001500
0.000678

-0.003500
0.000610

-0.004000
0.000638

0.000000
0.000661

0.025500
0.000286

-0.000500
0.000678

0.183500
-0.000700

0.296000
-0.000874

0.374500
-0.000722

0.403000
-0.000638

0.406000
-0.000672

0.398000
-0.000661

0.396500
-0.000610

0.414000
-0.000246

0.399500
-0.000207

0.400500
-0.000129

0.398000
-0.000067

0.399000
-0.000011

0.403000
0.000314

0.392000
0.000358

0.399500
0.000353

0.399500
0.000319

0.399500
0.000319

0.404000
0.000358

0.400500
0.000297

0.407000
0.000302

0.402000
0.000280

0.401500
0.000263

0.403500
0.000263

0.398000
0.000168

0.400000
0.000179

0.073500
0.000084

0.000000
0.000000

0.000000
0.000000

0.000000
0.000000

0.000000
0.000000

0.000000
0.000000

0.315500
-0.000062

0.367000
-0.000123

0.401000
0.000202

0.404500
-0.000017

0.396500
0.000017

0.416000
-0.000034

0.396000
0.000078

0.399500
0.000017

0.403500
0.000028

0.400500
0.000028

0.397000
-0.000011

0.396000
-0.000078

0.407000
-0.000224

0.402000
0.000011

0.395500
0.000028

0.400500
0.000263

0.405500
-0.000106

0.391500
0.000017

0.405000
-0.000011

0.397500
-0.000028

0.404500
-0.000050

0.400500
-0.000006

0.392500
-0.000006

0.392500
0.000062

0.406500
-0.000006

0.395000
-0.000056

0.404000
0.000034

0.406000
-0.000034

0.400500
-0.000028

0.408500
0.000017

0.405000
-0.000022

0.404000
0.000034

0.395000
0.000034

0.404000
0.000000

0.401000
0.000000

0.400500
-0.000006

0.412500
0.000006

0.398500
-0.000062

0.391500
-0.000050

0.409000
0.000067

0.400000
0.000000

0.407500
0.000050

0.398000
0.000034

0.401000
-0.000067

0.402500
0.000050

0.372000
0.000000

0.326000
-0.000011

0.000000
0.000000

0.000000
0.000000

0.000000
0.000000

0.000000
0.000000

0.000000
0.000000

0.061000
0.000123

0.000000
0.000000

0.108000
0.000470

0.001000
0.000627

0.136000
0.000728

0.387500
0.000577

0.404000
0.000459

0.401000
0.000269

0.404000
0.000168

0.405000
0.000179

0.398500
0.000129

0.401000
0.000123

0.404000
0.000067

0.401000
0.000134

0.399500
0.000106

0.401000
0.000101

0.401000
0.000190

0.402500
0.000207

0.404000
0.000190

0.402000
0.000022

0.408500
0.000084

0.399000
0.000045

0.396500
0.000207

0.417000
0.000011

0.406000
0.000034

0.403500
0.000095

0.407000
0.000034

0.403500
0.000039

0.397500
0.000028

0.411000
-0.000022

0.394000
-0.000022

0.397000
-0.000045

0.403500
0.000006

0.402500
-0.000050

0.405500
0.000017

0.398000
-0.000034

0.402000
-0.000112

0.407000
0.000000

0.393500
0.000017

0.403500
-0.000006

0.407500
0.000050

0.399500
0.000039

0.399500
-0.000174

0.401000
0.000034

0.397000
-0.000045

0.398000
-0.000034

0.397000
-0.000011

0.226500
0.000442

0.000000
0.000000

0.000000
0.000000

0.000000
0.000000

0.000000
0.000000

0.000000
0.000000

0.000000
0.000000

0.000000
0.000000

0.000000
0.000000

0.000000
0.000000

0.000000
0.000000

0.000000
0.000000

0.000000
0.000000

0.000000
0.000000

0.000000
0.000000

0.000000
0.000000

0.000000
0.000000

0.000000
0.000000

0.000000
0.000000

0.000000
0.000000

0.000000
0.000000

0.000000
0.000000

0.000000
0.000000

0.000000
0.000000

0.000000
0.000000

0.000000
0.000000

0.000000
0.000000

0.000000
0.000000

0.000000
0.000000

0.000000
0.000000

0.000000
0.000000

0.000000
0.000000

0.000000
0.000000

0.000000
0.000000

0.000000
0.000000

0.000000
0.000000

0.000000
0.000000

0.000000
0.000000

0.000000
0.000000

0.000000
0.000000

0.000000
0.000000

0.000000
0.000000

0.000000
0.000000

0.000000
0.000000

0.000000
0.000000

0.000000
0.000000

0.000000
0.000000

0.000000
0.000000

0.000000
0.000000

0.000000
0.000000

0.000000
0.000000

0.000000
0.000000

0.000000
0.000000

0.000000
0.000000

0.000000
0.000000

0.000000
0.000000

0.000000
0.000000

0.000000
0.000000

0.000000
0.000000

0.000000
0.000000

0.083000
-0.000370

0.103500
-0.000588

0.101000
-0.000403

0.095500
-0.000297

0.097000
-0.000280

0.094000
-0.000146

0.253000
-0.000112

0.214000
-0.000045

0.186500
-0.000106

0.150500
-0.000006

0.103500
-0.000028

0.056000
0.000067

0.000000
0.000000

0.000000
0.000000

0.000000
0.000000

-0.028000
-0.000314

0.051500
-0.000577

-0.038500
-0.000431

0.028000
-0.000314

0.006000
-0.000627

0.006500
-0.000655

0.060500
-0.000678

0.079500
-0.000890

0.133500
-0.000633

0.151000
-0.000627

0.175500
-0.000644

0.182500
-0.000644

0.175000
-0.000560

0.163000
-0.000325

0.153500
-0.000263

0.145000
-0.000202

0.146500
-0.000185

0.000000
0.000000

0.000000
0.000000

0.000000
0.000000

0.000000
0.000000

0.000000
0.000000

0.000000
0.000000

0.000000
0.000000

-0.032500
0.000364

-0.052500
0.000588

0.047500
0.000532

0.041500
0.000465

-0.047000
0.000526

0.040000
0.000448

0.050000
0.000560

0.154500
0.000722

0.245000
0.000650

0.399000
0.000638

0.404000
0.000627

0.404000
0.000650

0.405000
0.000538

0.400000
0.000381

0.404000
0.000302

0.395000
0.000224

0.399500
0.000207

0.397500
0.000095

0.401000
0.000090

0.401500
0.000062

0.398500
0.000028

0.402500
0.000050

0.393000
0.000000

0.394500
0.000017

0.400000
0.000000

0.397000
0.000011

0.402000
-0.000022

0.399500
-0.000050

0.401000
-0.000291

0.404000
-0.000493

0.400500
-0.000532

0.401500
-0.000465

0.402500
-0.000420

0.404000
-0.000358

0.245000
-0.000056

0.000000
0.000000

0.000000
0.000000

0.000000
0.000000

0.000000
0.000000

0.000000
0.000000

0.000000
0.000000

0.000000
0.000000

0.000000
0.000000

0.000000
0.000000

0.000000
0.000000

0.000000
0.000000

0.000000
0.000000

0.000000
0.000000

0.000000
0.000000

0.000000
0.000000

0.000000
0.000000

0.000000
0.000000

0.000000
0.000000

0.000000
0.000000

0.000000
0.000000

0.000000
0.000000

0.250500
-0.000566

0.408000
-0.000381

0.407000
-0.000235

0.394000
0.000112

0.397500
0.000095

0.398000
0.000134

0.399500
0.000185

0.400000
0.000246

0.400000
0.000246

0.399500
0.000252

0.399000
0.000179

0.398000
0.000101

0.228000
0.000874

-0.026500
-0.000297

0.000000
0.000000

0.000000
0.000000

0.000000
0.000000

0.000000
0.000000

0.000000
0.000000

0.000000
0.000000

0.000000
0.000000

0.000000
0.000000

0.000000
0.000000

0.000000
0.000000

0.000000
0.000000

0.000000
0.000000

0.000000
0.000000

0.000000
0.000000

0.000000
0.000000

0.000000
0.000000

0.000000
0.000000

0.000000
0.000000

0.000000
0.000000

0.000000
0.000000

0.000000
0.000000

0.000000
0.000000

0.000000
0.000000

0.000000
0.000000

0.000000
0.000000

0.000000
0.000000

0.000000
0.000000

0.000000
0.000000

0.000000
0.000000

0.000000
0.000000

0.000000
0.000000

0.000000
0.000000

0.000000
0.000000

0.000000
0.000000

0.000000
0.000000

0.000000
0.000000

0.000000
0.000000

0.000000
0.000000

0.000000
0.000000

0.000000
0.000000

0.000000
0.000000

-0.007000
0.000683

0.035500
0.000398

-0.033500
0.000375

0.054500
0.000610

0.033000
0.000370

-0.003500
0.000644

-0.001000
0.000605

0.002000
0.000650

0.078000
0.000874

0.236000
0.000694

0.258500
0.000610

0.296000
0.000605

0.321500
0.000633

0.395500
0.000129

0.400500
-0.000062

0.398000
-0.000101

0.398000
-0.000067

0.405000
-0.000011

0.398000
-0.000090

0.403500
-0.000039

0.406500
-0.000039

0.399500
-0.000106

0.406000
0.000034

0.402500
0.000050

0.402000
-0.000011

0.403000
0.000034

0.399500
-0.000039

0.398000
0.000000

0.400500
-0.000028

0.402000
-0.000022

0.405000
0.000011

0.397500
-0.000028

0.398000
0.000022

0.405000
0.000011

0.399500
0.000017

0.395000
0.000000

0.396500
-0.000050

0.403500
0.000039

0.397500
-0.000062

0.399500
-0.000017

0.402500
0.000050

0.396000
-0.000045

0.399500
-0.000050

0.409500
0.000039

0.393000
-0.000034

0.400000
0.000045

0.347500
0.000028

0.299500
-0.000050

0.245500
0.000028

0.185000
0.000045

0.157500
0.000084

0.127000
0.000000

0.063500
-0.000017

0.000000
0.000000

0.000000
0.000000

0.000000
0.000000

0.000000
0.000000

0.000000
0.000000

0.000000
0.000000

0.000000
0.000000

0.000000
0.000000

0.000000
0.000000

0.000000
0.000000

0.000000
0.000000

0.000000
0.000000

0.000000
0.000000

0.000000
0.000000

0.000000
0.000000

0.000000
0.000000

0.000000
0.000000

0.000000
0.000000

0.000000
0.000000

0.000000
0.000000

0.000000
0.000000

0.000000
0.000000

0.000000
0.000000

0.000000
0.000000

0.000000
0.000000

0.000000
0.000000

0.000000
0.000000

0.000000
0.000000

0.000000
0.000000

0.000000
0.000000

-0.032500
-0.000364

-0.004000
-0.000605

-0.001500
-0.000644

-0.001500
-0.000644

0.072500
-0.000812

0.256500
-0.000655

0.410500
-0.000577

0.402500
-0.000666

0.401500
-0.000622

0.404500
-0.000577

0.400500
-0.000622

0.402500
-0.000577

0.408000
-0.000381

0.398000
-0.000269

0.399000
-0.000482

0.402500
-0.000420

0.390500
-0.000375

0.401000
-0.000190

0.392000
-0.000157

0.403000
-0.000112

0.396500
-0.000084

0.396500
-0.000017

0.398000
-0.000067

0.401500
-0.000062

0.402000
-0.000022

0.400500
-0.000062

0.403500
-0.000006

0.400000
0.000000

0.398000
0.000022

0.409500
0.000028

0.404500
0.000017

0.396500
0.000039

0.410500
-0.000050

0.395500
0.000006

0.397500
-0.000028

0.405000
0.000011

0.396500
0.000084

0.396000
-0.000078

0.406000
0.000034

0.401500
-0.000062

0.405000
-0.000011

0.402500
-0.000050

0.415000
-0.000034

0.411000
-0.000045

0.336000
0.000034

0.328000
-0.000101

0.236000
0.000034

0.197000
-0.000011

0.152000
0.000011

0.123500
-0.000017

0.000000
0.000000

0.000000
0.000000

0.000000
0.000000

0.000000
0.000000

0.000000
0.000000

0.000000
0.000000

0.000000
0.000000

0.000000
0.000000

0.000000
0.000000

0.000000
0.000000

-0.030500
0.000342

0.047500
0.000532

0.192000
0.000594

0.365000
0.000392

0.410500
0.000263

0.395500
0.000230

0.401000
0.000190

0.394000
0.000078

0.398500
0.000129

0.400500
0.000095

0.408500
0.000050

0.400000
0.000045

0.396500
0.000039

0.398000
0.000056

0.400000
0.000146

0.402500
0.000666

0.392000
0.000650

0.397000
0.000605

0.392500
0.000588

0.402500
0.000442

0.400500
0.000330

0.398000
0.000235

0.402500
0.000241

0.404500
0.000162

0.396000
0.000078

0.402500
0.000106

0.400500
-0.000006

0.398000
0.000067

0.399000
-0.000011

0.396500
-0.000050

0.402000
0.000022

0.406000
0.000034

0.395000
0.000000

0.401000
-0.000034

0.406500
-0.000039

0.403500
-0.000028

0.393000
-0.000034

0.403500
0.000006

0.401500
0.000062

0.392500
0.000028

0.400500
0.000062

0.402000
0.000022

0.397000
-0.000011

0.405000
0.000022

0.397000
-0.000011

0.397500
0.000028

0.407500
-0.000017

0.400000
-0.000045

0.410500
0.000017

0.401500
0.000017

0.399000
0.000011

0.408500
0.000050

0.399500
-0.000039

0.402000
-0.000011

0.408500
0.000017

0.399500
-0.000017

0.398000
0.000022

0.355500
0.000017

0.319000
0.000000

0.239000
-0.000034

0.185000
0.000011

0.126500
-0.000050

0.000000
0.000000

0.000000
0.000000

0.000000
0.000000

0.000000
0.000000

0.000000
0.000000

0.000000
0.000000

0.000000
0.000000

0.000000
0.000000

0.000000
0.000000

0.000000
0.000000

0.000000
0.000000

0.000000
0.000000

0.000000
0.000000

0.000000
0.000000

0.000000
0.000000

0.000000
0.000000

0.000000
0.000000

0.000000
0.000000

0.000000
0.000000

0.000000
0.000000

0.000000
0.000000

0.000000
0.000000

0.000000
0.000000

0.000000
0.000000

0.000000
0.000000

0.000000
0.000000

0.000000
0.000000

0.000000
0.000000

0.000000
0.000000

0.000000
0.000000

0.000000
0.000000

0.000000
0.000000

0.000000
0.000000

0.000000
0.000000

0.000000
0.000000

0.000000
0.000000

0.000000
0.000000

0.000000
0.000000

0.000000
0.000000

0.000000
0.000000

0.000000
0.000000

0.000000
0.000000

0.000000
0.000000

0.000000
0.000000

0.000000
0.000000

0.000000
0.000000

0.000000
0.000000

0.000000
0.000000

0.000000
0.000000

0.000000
0.000000

0.000000
0.000000

0.000000
0.000000

0.000000
0.000000

0.000000
0.000000

0.000000
0.000000

0.000000
0.000000

0.000000
0.000000

0.000000
0.000000

0.000000
0.000000

0.000000
0.000000

0.080000
0.000224

0.307500
0.000577

0.406500
0.000465

0.401000
0.000370

0.399000
0.000314

0.405500
0.000252

0.397000
0.000146

0.405000
0.000078

0.402000
0.000078

0.399000
0.000078

0.397000
0.000045

0.406500
0.000062

0.401000
0.000000

0.403500
0.000006

0.403500
-0.000230

0.397500
-0.000431

0.369500
-0.000409

0.349500
-0.000319

0.336000
-0.000224

0.314500
-0.000151

0.393000
-0.000034

0.404000
-0.000090

0.400000
-0.000112

0.396500
-0.000039

0.399500
-0.000039

0.402000
0.000011

0.399500
-0.000050

0.396000
0.000000

0.375500
0.000050

0.309500
-0.000028

0.264500
0.000017

0.232000
0.000011

0.171500
-0.000006

0.152000
-0.000045

0.034500
-0.000386

0.000000
0.000000

0.000000
0.000000

0.000000
0.000000

0.000000
0.000000

0.000000
0.000000

0.000000
0.000000

0.000000
0.000000

0.000000
0.000000

0.000000
0.000000

0.000000
0.000000

0.000000
0.000000

0.000000
0.000000

0.000000
0.000000

0.000000
0.000000

0.000000
0.000000

0.000000
0.000000

0.000000
0.000000

0.000000
0.000000

0.000000
0.000000

0.000000
0.000000

0.000000
0.000000

0.000000
0.000000

0.000000
0.000000

0.000000
0.000000

0.000000
0.000000

0.000000
0.000000

0.000000
0.000000

0.000000
0.000000

0.000000
0.000000

0.000000
0.000000

0.000000
0.000000

0.000000
0.000000

0.000000
0.000000

0.000000
0.000000

0.000000
0.000000

0.000000
0.000000

0.215500
0.000162

0.380000
0.000101

0.396500
0.000106

0.398000
0.000101

0.401000
0.000000

0.397500
0.000062

0.400500
0.000006

0.398500
0.000028

0.403000
0.000034

0.396000
0.000000

0.398500
0.000028

0.405000
-0.000011

0.395500
-0.000006

0.398500
-0.000028

0.402500
-0.000017

0.403500
0.000039

0.397500
-0.000028

0.410000
0.000000

0.401500
-0.000017

0.398000
0.000034

0.388500
-0.000050

-0.015000
-0.001322

0.000000
0.000000

0.000000
0.000000

0.000000
0.000000

0.000000
0.000000

0.000000
0.000000

0.000000
0.000000

0.000000
0.000000

0.000000
0.000000

0.000000
0.000000

0.000000
0.000000

0.000000
0.000000

0.000000
0.000000

0.000000
0.000000

0.000000
0.000000

0.000000
0.000000

0.000000
0.000000

0.000000
0.000000

0.000000
0.000000

0.000000
0.000000

0.000000
0.000000

0.000000
0.000000

0.000000
0.000000

0.000000
0.000000

0.000000
0.000000

0.000000
0.000000

0.000000
0.000000

0.000000
0.000000

0.000000
0.000000

-0.005500
-0.000655

0.001500
-0.000644

0.002500
-0.000644

0.002000
-0.000638

0.004000
-0.000627

0.003500
-0.000633

0.000500
-0.000622

0.001000
-0.000627

-0.002500
-0.000655

0.028500
-0.000319

-0.000500
-0.000610

0.002500
-0.000644

0.025000
-0.000280

-0.030500
-0.000342

0.043500
-0.000487

0.036000
-0.000403

0.079500
-0.000890

0.084500
-0.000946

0.128000
-0.000627

0.146000
-0.000672

0.163500
-0.000644

0.172000
-0.000594

0.167000
-0.000515

0.151500
-0.000364

0.141000
-0.000213

0.138000
-0.000146

0.200500
0.000095

0.000000
0.000000

0.000000
0.000000

0.000000
0.000000

0.000000
0.000000

0.034500
0.000386

0.228500
0.000902

0.056000
0.000627

0.037000
0.000414

-0.111500
0.000498

0.057500
0.000644

0.053500
0.000599

0.025000
0.000280

0.034000
0.000381

0.006500
0.000700

0.000000
0.000000

0.061000
0.000683

-0.051000
0.000571

0.084000
0.000941

-0.120500
0.000487

0.140500
0.000700

0.032500
0.000364

0.066500
0.000745

-0.026500
0.000297

0.025500
0.000286

0.017000
0.000851

-0.041000
0.000459

0.066500
0.000745

0.037000
0.000414

-0.005500
0.000622

-0.027500
0.000308

-0.001000
0.000616

0.034000
0.000381

0.040000
0.000448

-0.029000
0.000325

0.031500
0.000353

0.032500
0.000364

0.030000
0.000336

0.002000
0.000582

0.006500
0.000633

0.040500
0.000454

0.004000
0.000661

0.005000
0.000638

0.000000
0.000594

0.006000
0.000661

0.040000
0.000448

0.168000
0.000560

0.404500
0.000655

0.402000
0.000672

0.401000
0.000661

0.403000
0.000672

0.405000
0.000482

0.399500
0.000386

0.398500
0.000230

0.403000
0.000146

0.397000
0.000246

0.396500
0.000218

0.398500
0.000263

0.403500
0.000263

0.400500
0.000230

0.403000
0.000179

0.394000
0.000078

0.399500
0.000073

0.404000
0.000034

0.399000
0.000112

0.399500
0.000050

0.396500
0.000050

0.407000
0.000000

0.400000
0.000000

0.403000
0.000146

0.400500
0.000330

0.400500
0.000398

0.402000
0.000482

0.401500
0.000465

0.409500
0.000465

0.400000
0.000381

0.404000
0.000291

0.401000
0.000190

0.402500
0.000174

0.398000
0.000101

0.407000
0.000134

0.398000
0.000123

0.405500
0.000050

0.408500
0.000050

0.400500
-0.000006

0.399500
0.000084

0.403500
-0.000028

0.401000
-0.000034

0.402000
0.000022

0.394500
-0.000017

0.403000
0.000034

0.398000
0.000034

0.398000
-0.000034

0.405000
-0.000022

0.396500
-0.000017

0.399000
-0.000045

0.401000
0.000034

0.398000
0.000000

0.400500
0.000028

0.400500
0.000028

0.405000
0.000022

0.401000
-0.000090

0.402000
-0.000022

0.402500
-0.000106

0.396500
-0.000050

0.404000
0.000000

0.400500
-0.000028

0.405000
-0.000011

0.394500
-0.000095

0.396500
-0.000050

0.403000
0.000000

0.401000
-0.000090

0.402000
-0.000022

0.401500
0.000129

0.400500
-0.000006

0.412000
0.000000

0.406500
0.000006

0.397000
0.000011

0.398000
-0.000067

0.398000
-0.000034

0.401500
-0.000095

0.398000
-0.000034

0.394000
-0.000022

0.400500
-0.000028

0.406000
0.000000

0.401000
0.000034

0.403000
0.000000

0.399000
-0.000011

0.395500
0.000028

0.404000
0.000034

0.405000
-0.000022

0.399500
0.000073

0.390000
0.000000

0.402000
-0.000022

0.402500
0.000017

0.394000
0.000011

0.405500
-0.000017

0.398500
-0.000028

0.395500
-0.000006

0.404000
0.000000

0.394500
0.000017

0.408000
0.000022

0.397500
-0.000028

0.399500
-0.000017

0.405000
0.000022

0.401000
-0.000056

0.389000
-0.000067

0.411500
0.000017

0.403500
-0.000028

0.401500
0.000017

0.403500
-0.000006

0.403500
-0.000039

0.400000
0.000045

0.409500
0.000028

0.400000
-0.000112

0.401000
0.000056

0.399500
0.000039

0.396000
0.000000

0.395500
0.000062

0.398000
0.000000

0.403000
0.000034

0.401000
0.000000

0.395500
-0.000028

0.397500
0.000028

0.406000
0.000000

0.386000
0.000202

0.398000
-0.000022

0.398500
0.000028

0.399500
0.000017

0.391000
-0.000011

0.387500
-0.000017

0.400000
0.000000

0.396500
-0.000050

0.396500
0.000039

0.402500
-0.000017

0.399500
-0.000039

0.396500
0.000039

0.369500
-0.000118

0.181500
0.000610

0.000000
0.000000

0.000000
0.000000

0.000000
0.000000

0.000000
0.000000

0.000000
0.000000

0.029500
0.000330

0.241000
0.000515

0.405000
0.000381

0.404000
0.000258

0.384000
0.000179

0.239500
0.000566

0.332000
0.000022

0.392000
0.000067

0.398000
0.000067

0.403500
0.000028

0.412500
-0.000006

0.398000
0.000022

0.399000
-0.000011

0.399500
0.000050

0.399500
0.000017

0.400500
0.000006

0.398000
0.000168

0.398000
0.000392

0.400500
0.000364

0.398000
0.000235

0.393500
0.000241

0.393500
0.000140

0.400500
0.000129

0.395000
0.000090

0.402500
0.000050

0.397500
0.000028

0.400500
0.000028

0.404000
0.000034

0.399500
0.000039

0.402000
0.000022

0.403000
0.000000

0.399000
0.000011

0.398000
-0.000022

0.357500
0.000017

0.286500
-0.000006

0.229000
0.000011

0.187000
0.000000

0.182000
0.000022

0.136500
0.000062

0.097500
0.000028

0.000000
0.000000

0.000000
0.000000

0.000000
0.000000

0.000000
0.000000

0.000000
0.000000

0.000000
0.000000

0.000000
0.000000

0.000000
0.000000

0.000000
0.000000

0.000000
0.000000

0.000000
0.000000

0.000000
0.000000

0.000000
0.000000

0.000000
0.000000

0.000000
0.000000

0.000000
0.000000

0.000000
0.000000

0.000000
0.000000

0.000000
0.000000

0.000000
0.000000

0.000000
0.000000

0.000000
0.000000

0.000000
0.000000

0.000000
0.000000

0.000000
0.000000

0.000000
0.000000

0.000000
0.000000

0.000000
0.000000

0.000000
0.000000

0.000000
0.000000

-0.032000
-0.000358

-0.001000
-0.000605

0.224000
-0.000594

0.379500
-0.000510

0.407500
-0.000330

0.401500
-0.000263

0.404000
-0.000168

0.402500
-0.000073

0.399000
-0.000078

0.401000
-0.000090

0.405000
-0.000056

0.401000
-0.000056

0.405000
-0.000045

0.397500
-0.000028

0.401000
0.000034

0.403000
0.000000

0.399500
0.000050

0.406500
0.000006

0.398500
-0.000028

0.405000
-0.000011

0.400000
0.000000

0.403500
-0.000028

0.396000
-0.000146

0.405000
0.000011

0.401000
0.000034

0.399500
0.000073

0.395000
0.000000

0.402000
0.000022

0.406500
-0.000006

0.399500
0.000106

0.400500
-0.000062

0.404500
0.000017

0.400500
0.000028

0.338500
-0.000017

0.261000
-0.000056

0.218500
0.000028

0.180500
0.000006

0.142500
-0.000006

0.106000
0.000146

0.000000
0.000000

0.000000
0.000000

0.000000
0.000000

0.000000
0.000000

0.000000
0.000000

0.000000
0.000000

0.000000
0.000000

0.000000
0.000000

0.000000
0.000000

-0.001500
-0.000577

-0.002000
-0.000661

0.000500
-0.000666

0.003000
-0.000627

0.049000
-0.000549

0.042000
-0.000470

0.184500
-0.000801

0.359500
-0.000666

0.405000
-0.000672

0.394500
-0.000655

0.394000
-0.000605

0.402500
-0.000442

0.406500
-0.000230

0.100000
-0.000414

0.026500
-0.000297

0.006500
-0.000655

0.006000
-0.000627

0.103000
0.000347

0.033000
0.000370

0.059500
0.000666

0.339000
0.000818

0.414000
0.000683

0.400000
0.000638

0.398000
0.000661

0.403500
0.000599

0.400500
0.000689

0.405000
0.000638

0.410000
0.000526

0.403000
0.000314

0.403000
0.000280

0.406500
0.000196

0.400500
0.000095

0.399500
0.000118

0.399500
0.000073

0.406500
0.000095

0.400500
0.000062

0.396500
0.000017

0.404000
0.000034

0.393500
0.000050

0.403500
0.000062

0.396500
0.000017

0.401000
0.000034

0.397000
0.000045

0.398000
0.000034

0.395000
-0.000034

0.397000
0.000011

0.400000
-0.000045

0.390500
0.000017

0.401000
0.000034

0.398000
-0.000034

0.398000
-0.000034

0.402000
0.000011

0.401500
-0.000017

0.400500
0.000028

0.037000
0.000414

0.000000
0.000000

0.000000
0.000000

0.000000
0.000000

0.000000
0.000000

0.000000
0.000000

0.000000
0.000000

0.000000
0.000000

0.000000
0.000000

0.000000
0.000000

0.000000
0.000000

-0.032500
0.000364

0.067000
0.000750

0.247000
0.000549

0.402000
0.000448

0.408500
0.000353

0.405500
0.000319

0.396500
0.000185

0.402000
0.000146

0.406500
0.000095

0.401000
0.000090

0.398000
0.000101

0.398000
0.000056

0.401500
0.000017

0.402500
-0.000084

0.400500
-0.000588

0.402000
-0.000448

0.402000
-0.000381

0.396500
-0.000252

0.401000
-0.000202

0.411000
-0.000123

0.398500
-0.000095

0.399000
-0.000011

0.400000
-0.000045

0.406000
0.000000

0.405000
-0.000022

0.399500
-0.000039

0.398000
-0.000056

0.397000
0.000011

0.396000
0.000045

0.409500
0.000028

0.402000
0.000011

0.398000
0.000022

0.392500
-0.000028

0.399500
0.000050

0.403000
-0.000034

0.399000
0.000078

0.397000
-0.000011

0.400500
-0.000028

0.406000
0.000000

0.395500
-0.000028

0.395500
0.000006

0.399500
-0.000050

0.378500
-0.000084

0.367500
-0.000050

0.283500
-0.000006

0.216000
0.000000

0.166000
0.000067

0.130000
0.000000

0.110500
0.000017

0.000000
0.000000

0.000000
0.000000

0.000000
0.000000

0.000000
0.000000

0.000000
0.000000

0.000000
0.000000

0.000000
0.000000

0.000000
0.000000

0.000000
0.000000

0.000000
0.000000

0.000000
0.000000

0.000000
0.000000

0.000000
0.000000

0.000000
0.000000

0.000000
0.000000

0.000000
0.000000

0.000000
0.000000

0.000000
0.000000

0.000000
0.000000

0.000000
0.000000

0.042000
-0.000470

0.236000
-0.000694

0.401000
-0.000370

0.402500
-0.000342

0.403500
-0.000062

0.406000
-0.000213

0.402500
-0.000084

0.398000
-0.000067

0.402000
-0.000078

0.403500
-0.000006

0.404500
-0.000017

0.403500
-0.000028

0.401000
-0.000034

0.404500
0.000017

0.402000
-0.000011

0.394000
-0.000022

0.408000
0.000090

0.395500
-0.000028

0.397500
-0.000028

0.404000
-0.000101

0.117000
0.000090

0.000000
0.000000

0.030000
0.000336

0.002500
0.000610

0.000500
0.000622

0.000000
0.000000

0.000000
0.000000

0.000000
0.000000

0.000000
0.000000

0.000000
0.000000

0.000000
0.000000

0.000000
0.000000

0.000000
0.000000

0.000000
0.000000

0.000000
0.000000

0.000000
0.000000

0.000000
0.000000

0.026500
-0.000297

0.186000
0.000157

0.161500
0.000207

0.084500
0.000252

0.094000
0.000213

0.164500
0.000185

0.181500
0.000286

0.226000
0.000123

0.242000
0.000190

0.270000
0.000157

0.398000
0.000101

0.403500
0.000129

0.401000
0.000056

0.399500
0.000050

0.400000
0.000078

0.399500
0.000050

0.358500
0.000050

0.283000
0.000034

0.255000
0.000011

0.410500
-0.000118

0.408000
-0.000146

0.406500
-0.000028

0.398000
0.000000

0.398000
0.000526

0.000000
0.000000

0.000000
0.000000

-0.035500
0.000398

0.003500
0.000655

0.000000
0.000000

0.000000
0.000000

0.000000
0.000000

0.000000
0.000000

0.000000
0.000000

0.000000
0.000000

0.000000
0.000000

0.000000
0.000000

0.000000
0.000000

0.000000
0.000000

0.000000
0.000000

0.000000
0.000000

0.000000
0.000000

0.000000
0.000000

0.000000
0.000000

0.000000
0.000000

0.000000
0.000000

0.000000
0.000000

0.000000
0.000000

0.000000
0.000000

0.000000
0.000000

0.000000
0.000000

0.000000
0.000000

0.000000
0.000000

0.000000
0.000000

0.000000
0.000000

0.000000
0.000000

0.000000
0.000000

0.000000
0.000000

-0.029000
0.000325

-0.004500
0.000644

-0.002500
0.000689

0.001000
0.000627

0.000000
0.000661

-0.001000
0.000605

0.000500
0.000689

-0.000500
0.000610

-0.004500
0.000644

0.000500
0.000655

0.028000
0.000314

0.075000
0.000840

0.251000
0.000560

-0.010000
0.000706

0.035500
0.000398

-0.060000
0.000672

0.139000
0.000627

0.031500
0.000353

0.031000
0.000347

-0.029500
0.000330

-0.026500
0.000297

0.173500
0.000711

0.278500
0.000610

0.404000
0.000661

0.409000
0.000706

0.401000
0.000627

0.405500
0.000711

0.395500
0.000588

0.403000
0.000482

0.411500
0.000342

0.398000
0.000269

0.407500
0.000162

0.402000
0.000179

0.398000
0.000090

0.394500
0.000095

0.405500
0.000106

0.395500
0.000028

0.395500
0.000028

0.399500
0.000017

0.405000
-0.000011

0.401000
0.000056

0.406000
0.000034

0.397000
-0.000045

0.399000
-0.000011

0.402000
-0.000045

0.404500
-0.000017

0.398000
0.000022

0.393500
-0.000017

0.400500
-0.000006

0.402000
-0.000011

0.402000
0.000011

0.403500
-0.000006

0.396000
-0.000045

0.401000
-0.000034

0.405000
0.000011

0.399500
-0.000017

0.399000
-0.000011

0.395000
0.000000

0.403500
-0.000006

0.349000
-0.000045

0.252000
0.000571

0.000000
0.000000

0.000000
0.000000

0.000000
0.000000

0.000000
0.000000

0.000000
0.000000

0.000000
0.000000

0.000000
0.000000

0.000000
0.000000

0.000000
0.000000

0.000000
0.000000

0.000000
0.000000

0.000000
0.000000

0.000000
0.000000

0.000000
0.000000

-0.004500
-0.000644

0.000000
-0.000627

0.002500
-0.000610

-0.002500
-0.000599

-0.005000
-0.000661

-0.001500
-0.000644

-0.002500
-0.000655

0.001000
-0.000661

0.000500
-0.000633

-0.001000
-0.000672

0.000500
-0.000633

-0.001500
-0.000644

0.001000
-0.000627

0.000500
-0.000655

0.001000
-0.000627

-0.001000
-0.000672

-0.000500
-0.000644

-0.002500
-0.000655

-0.001000
-0.000582

0.001000
-0.000627

-0.001500
-0.000678

-0.002500
-0.000622

-0.002000
-0.000627

0.000000
-0.000627

0.002000
-0.000638

-0.001000
-0.000638

0.059000
0.000661

0.050000
0.000560

0.380000
0.000661

0.407500
0.000577

0.408000
0.000146

0.399500
0.000118

0.395500
0.000062

0.396000
0.000045

0.404000
0.000134

0.400500
0.000062

0.403500
0.000129

0.402000
0.000246

0.402500
0.000319

0.399500
0.000342

0.404500
0.000510

0.404000
0.000437

0.395000
0.000392

0.402000
0.000347

0.401000
0.000392

0.410000
0.000325

0.396500
0.000207

0.401500
0.000263

0.405000
0.000146

0.401500
0.000196

0.402500
0.000050

0.407000
0.000202

0.403500
0.000263

0.405000
0.000179

0.407500
0.000196

0.404000
0.000269

0.398000
0.000325

0.405000
0.000347

0.394000
0.000381

0.401500
0.000297

0.400000
0.000347

0.402500
0.000353

0.398500
0.000297

0.392500
0.000297

0.397500
0.000330

0.398000
0.000224

0.373500
0.000218

0.000000
0.000000

0.000000
0.000000

0.000000
0.000000

0.000000
0.000000

0.000000
0.000000

0.000000
0.000000

0.000000
0.000000

0.089000
0.000224

0.296500
0.000599

0.396500
0.000521

0.405500
0.000476

0.402000
0.000213

0.403000
0.000179

0.404000
0.000202

0.394500
0.000062

0.403500
0.000095

0.402000
0.000045

0.395500
0.000028

0.402000
0.000045

0.403000
0.000078

0.399000
-0.000011

0.401000
0.000426

0.405000
0.000571

0.393500
0.000409

0.398500
0.000297

0.409500
0.000196

0.395000
0.000190

0.401000
0.000157

0.400500
0.000095

0.404000
0.000034

0.396500
0.000073

0.405500
0.000017

0.406500
0.000006

0.396500
0.000073

0.398500
0.000062

0.404500
0.000017

0.406500
-0.000039

0.405500
0.000050

0.400500
0.000006

0.402000
0.000045

0.391000
-0.000022

0.409500
-0.000028

0.404000
0.000034

0.405500
0.000050

0.395500
0.000006

0.407000
0.000034

0.399500
0.000039

0.395500
-0.000062

0.411000
0.000056

0.399000
-0.000045

0.398000
0.000056

0.398500
-0.000028

0.398000
0.000067

0.399000
0.000045

0.406000
0.000000

0.396500
-0.000039

0.409000
0.000000

0.397000
-0.000045

0.398000
-0.000022

0.404000
-0.000067

0.395500
-0.000028

0.402000
-0.000022

0.409500
-0.000028

0.399000
0.000045

0.398500
0.000062

0.402500
-0.000017

0.367000
0.000090

0.330000
0.000000

0.000000
0.000000

0.000000
0.000000

0.000000
0.000000

0.000000
0.000000

0.000000
0.000000

0.000000
0.000000

0.000000
0.000000

-0.025000
-0.000280

-0.001000
-0.000683

0.209000
-0.000739

0.388500
-0.000644

0.401000
-0.000526

0.397500
-0.000465

0.401500
-0.000263

0.407000
-0.000134

0.398000
-0.000190

0.400000
-0.000112

0.408000
-0.000112

0.404500
-0.000017

0.402000
-0.000022

0.401500
-0.000062

0.403000
-0.000034

0.396500
-0.000039

0.401000
-0.000034

0.406000
0.000000

0.387000
0.000000

0.398000
-0.000022

0.406000
0.000000

0.396500
-0.000185

0.404000
0.000000

0.402000
-0.000011

0.407500
0.000017

0.397000
-0.000078

0.401000
0.000056

0.406000
-0.000034

0.399000
-0.000011

0.396500
0.000017

0.410000
0.000067

0.396500
-0.000050

0.398000
0.000022

0.405500
0.000140

0.401000
0.000000

0.395500
-0.000062

0.408000
-0.000022

0.402000
-0.000011

0.398000
0.000067

0.399500
0.000050

0.400000
0.000000

0.402000
0.000022

0.404000
0.000067

0.400500
-0.000028

0.399000
-0.000011

0.402000
0.000011

0.168500
0.000532

-0.046000
-0.000515

0.000000
0.000000

0.000000
0.000000

0.000000
0.000000

0.000000
0.000000

0.000000
0.000000

0.000000
0.000000

0.000000
0.000000

0.189500
-0.000039

0.367000
-0.000056

0.406500
-0.000006

0.399500
-0.000073

0.406500
0.000006

0.396500
-0.000073

0.398500
0.000095

0.402500
0.000017

0.402000
-0.000022

0.401000
-0.000034

0.411000
0.000011

0.399500
0.000017

0.405500
-0.000017

0.395000
-0.000123

0.399000
-0.000045

0.396500
-0.000050

0.400000
0.000000

0.403000
-0.000112

0.396500
0.000039

0.402500
-0.000050

0.401500
0.000062

0.402000
0.000045

0.403500
0.000006

0.400500
-0.000028

0.398500
0.000028

0.401000
-0.000056

0.401000
-0.000090

0.403500
0.000039

0.398500
-0.000028

0.401000
0.000056

0.402500
-0.000017

0.396000
0.000000

0.407000
0.000034

0.400500
0.000028

0.408000
-0.000022

0.395000
-0.000067

0.400500
0.000028

0.411500
-0.000017

0.403500
-0.000006

0.399500
0.000039

0.405500
-0.000017

0.405500
-0.000017

0.388000
-0.000022

0.407500
-0.000017

0.404500
-0.000017

0.397000
0.000045

0.415500
0.000006

0.396500
0.000017

0.410500
-0.000017

0.402500
-0.000174

0.401000
0.000101

0.394000
-0.000022

0.397000
-0.000011

0.406000
-0.000034

0.401500
0.000398

0.394500
-0.000017

0.392500
-0.000006

0.351000
-0.000090

0.290500
-0.000050

0.223000
-0.000022

0.187000
0.000000

0.000000
0.000000

0.000000
0.000000

0.000000
0.000000

0.000000
0.000000

0.000000
0.000000

0.000000
0.000000

0.000000
0.000000

0.000000
0.000000

0.000000
0.000000

0.000000
0.000000

0.000000
0.000000

-0.031000
0.000347

0.049000
0.000549

0.200500
0.000622

0.374500
0.000622

0.407000
0.000717

0.407500
0.000644

0.399500
0.000577

0.393000
0.000526

0.402500
0.000409

0.397000
0.000213

0.397500
0.000162

0.401000
0.000168

0.396500
0.000106

0.402500
0.000073

0.398000
-0.000022

0.399500
-0.000084

0.398500
-0.000062

0.401000
-0.000034

0.403000
0.000000

0.396500
-0.000073

0.403500
-0.000039

0.398000
0.000034

0.403500
-0.000028

0.400500
0.000028

0.395500
0.000006

0.402500
-0.000050

0.400500
0.000028

0.399000
0.000011

0.403500
0.000028

0.401000
-0.000034

0.396500
-0.000017

0.402000
0.000022

0.395500
0.000062

0.403000
0.000000

0.399000
0.000045

0.398000
0.000034

0.402000
-0.000011

0.396500
-0.000017

0.401000
-0.000067

0.400500
-0.000028

0.391500
0.000017

0.398500
0.000028

0.393500
-0.000017

0.399000
0.000045

0.404500
-0.000017

0.395000
-0.000034

0.395000
0.000000

0.395500
-0.000062

0.401000
0.000067

0.397500
-0.000028

0.402000
-0.000011

0.385000
-0.000123

0.404500
0.000050

0.397000
0.000011

0.404000
0.000000

0.406000
0.000000

0.398500
-0.000095

0.401500
0.000017

0.411500
-0.000017

0.395000
-0.000034

0.397500
-0.000028

0.082500
-0.000084

0.000000
0.000000

0.000000
0.000000

0.000000
0.000000

0.000000
0.000000

0.000000
0.000000

0.000000
0.000000

0.000000
0.000000

0.000000
0.000000

0.000000
0.000000

-0.000500
-0.000644

0.017000
-0.000750

0.074000
-0.000829

0.257500
-0.000790

0.406500
-0.000588

0.409500
-0.000655

0.404000
-0.000526

0.394500
-0.000398

0.402500
-0.000319

0.401500
-0.000196

0.402500
-0.000174

0.404500
-0.000129

0.402500
-0.000084

0.402500
-0.000174

0.404500
-0.000610

0.400500
-0.000622

0.396500
-0.000734

0.399500
-0.000633

0.397000
-0.000638

0.402500
-0.000610

0.399000
-0.000672

0.398000
-0.000426

0.397500
-0.000364

0.396500
-0.000308

0.395500
-0.000230

0.399000
-0.000112

0.402500
-0.000073

0.401500
-0.000062

0.399500
-0.000017

0.400500
-0.000062

0.403500
-0.000006

0.398000
-0.000101

0.400000
0.000000

0.401500
-0.000017

0.394500
-0.000062

0.398000
-0.000022

0.399000
-0.000011

0.399500
-0.000039

0.404500
0.000050

0.399000
-0.000045

0.400500
-0.000028

0.398000
0.000000

0.396500
-0.000017

0.403500
0.000039

0.405000
-0.000011

0.394000
-0.000011

0.390000
-0.000034

0.396500
-0.000073

0.402500
0.000073

0.398000
0.000022

0.395000
0.000000

0.406500
0.000039

0.396000
-0.000078

0.400500
0.000006

0.399500
0.000017

0.406500
0.000006

0.403500
-0.000039

0.402500
-0.000017

0.411000
-0.000056

0.400500
0.000028

0.338000
-0.000011

0.000000
0.000000

0.000000
0.000000

0.000000
0.000000

0.000000
0.000000

0.000000
0.000000

0.000000
0.000000

0.000000
0.000000

0.000000
0.000000

0.000000
0.000000

0.000000
0.000000

0.000000
0.000000

0.000000
0.000000

0.000000
0.000000

0.000000
0.000000

0.000000
0.000000

0.000000
0.000000

0.000000
0.000000

0.000000
0.000000

0.000000
0.000000

0.000000
0.000000

0.001000
-0.000694

0.037000
-0.000414

0.062000
-0.000694

0.055000
-0.000616

0.046500
-0.000521

0.043500
-0.000487

0.043500
-0.000487

0.031500
-0.000353

0.111500
-0.000174

0.199500
0.000039

0.000000
0.000000

0.000000
0.000000

0.003000
0.000627

0.057500
0.000644

0.391500
0.000330

0.399500
0.000039

0.406500
-0.000039

0.405000
0.000045

0.397000
-0.000112

0.405500
-0.000017

0.399500
-0.000039

0.395500
-0.000095

0.401500
-0.000017

0.392000
-0.000034

0.068000
-0.000034

0.031000
-0.000347

0.000000
0.000000

0.000000
0.000000

0.000000
0.000000

0.000000
0.000000

0.000000
0.000000

0.000000
0.000000

0.000000
0.000000

0.000000
0.000000

0.000000
0.000000

0.106500
0.000263

0.300500
0.000095

0.406500
-0.000028

0.402500
-0.000017

0.404000
0.000067

0.318000
0.000034

0.001000
-0.000627

-0.000500
-0.000644

0.001500
-0.000644

-0.001000
-0.000616

-0.001000
-0.000672

-0.004000
-0.000672

-0.001000
-0.000650

-0.001000
-0.000638

-0.001000
-0.000650

0.001000
-0.000627

-0.000500
-0.000610

-0.001500
-0.000678

0.003500
-0.000655

0.000000
-0.000627

0.003000
-0.000627

0.003000
-0.000627

0.000500
-0.000655

0.002000
-0.000672

-0.000500
-0.000610

0.010500
-0.000678

0.037000
-0.000414

0.248500
-0.000756

0.393500
-0.000734

0.409500
-0.000633

0.397500
-0.000622

0.395000
-0.000717

0.400500
-0.000655

0.402500
-0.000577

0.402000
-0.000515

0.400500
-0.000554

0.411000
-0.000515

0.405500
-0.000476

0.399500
-0.000420

0.400000
-0.000381

0.400500
-0.000263

0.399500
-0.000218

0.407000
-0.000224

0.403000
-0.000034

0.396500
-0.000185

0.409500
-0.000532

0.397000
-0.000515

0.401000
-0.000426

0.411500
-0.000308

0.397000
-0.000246

0.374000
-0.000235

0.391000
-0.000078

0.401500
-0.000095

0.395500
-0.000062

0.405000
-0.000056

0.408000
0.000280

0.404500
0.000543

0.403000
0.000448

0.407500
0.000364

0.000000
0.000000

0.173500
-0.000375

0.356500
-0.000599

0.408500
-0.000510

0.403500
-0.000431

0.406500
-0.000263

0.400000
-0.000179

0.401000
-0.000067

0.406000
-0.000067

0.401000
-0.000101

0.401500
-0.000017

0.405000
-0.000056

0.398000
-0.000034

0.394000
0.000011

0.402500
0.000050

0.386500
-0.000028

0.400500
-0.000006

0.405500
-0.000017

0.400500
0.000028

0.321000
-0.000034

0.000000
0.000000

0.000000
0.000000

0.000000
0.000000

0.000000
0.000000

0.000000
0.000000

0.000000
0.000000

0.000000
0.000000

0.000000
0.000000

0.000000
0.000000

0.000000
0.000000

0.000000
0.000000

0.000000
0.000000

0.000000
0.000000

0.000000
0.000000

0.000000
0.000000

0.000000
0.000000

0.000000
0.000000

0.000000
0.000000

0.000000
0.000000

0.000000
0.000000

0.000000
0.000000

0.000000
0.000000

0.000000
0.000000

0.000000
0.000000

0.000000
0.000000

0.000000
0.000000

0.000000
0.000000

0.000000
0.000000

0.000000
0.000000

0.000000
0.000000

0.000000
0.000000

0.000000
0.000000

0.000000
0.000000

0.000000
0.000000

0.000000
0.000000

0.000000
0.000000

0.000000
0.000000

0.000000
0.000000

0.000000
0.000000

0.000000
0.000000

0.000000
0.000000

0.000000
0.000000

0.000000
0.000000

0.000000
0.000000

0.000000
0.000000

0.000000
0.000000

0.000000
0.000000

0.000000
0.000000

0.000000
0.000000

0.000000
0.000000

0.000000
0.000000

0.000000
0.000000

0.000000
0.000000

0.000000
0.000000

0.000000
0.000000

0.000000
0.000000

0.000000
0.000000

0.000000
0.000000

0.000000
0.000000

0.000000
0.000000

0.000000
0.000000

0.000000
0.000000

0.000000
0.000000

0.000000
0.000000

0.000000
0.000000

0.000000
0.000000

0.000000
0.000000

0.000000
0.000000

0.000000
0.000000

0.000000
0.000000

0.000000
0.000000

0.000000
0.000000

0.000000
0.000000

0.000000
0.000000

0.000000
0.000000

0.000000
0.000000

0.000000
0.000000

0.000000
0.000000

0.000000
0.000000

-0.031000
-0.000347

-0.030500
-0.000342

-0.031000
-0.000347

0.025000
-0.000280

-0.037000
-0.000414

0.001000
-0.000661

-0.000500
-0.000711

-0.047000
-0.000526

0.067000
-0.000750

-0.091500
-0.001025

0.123000
-0.000650

-0.184500
-0.000678

-0.034000
-0.000381

0.030000
-0.000336

-0.027500
-0.000308

-0.021000
-0.000795

0.050000
-0.000560

-0.046000
-0.000515

0.062500
-0.000700

0.169000
-0.001086

-0.149500
-0.000566

-0.027500
-0.000308

-0.034000
-0.000381

-0.028000
-0.000314

0.044500
-0.000498

-0.045500
-0.000510

-0.070500
-0.000790

-0.047000
-0.000526

-0.097000
-0.001086

0.075000
-0.000840

-0.186000
-0.000627

-0.030500
-0.000342

-0.025000
-0.000280

0.002000
-0.000616

0.085500
-0.000958

0.285500
-0.000577

0.405500
-0.000678

0.397500
-0.000655

0.397500
-0.000655

0.418500
-0.000655

0.402000
-0.000605

0.399000
-0.000448

0.403000
-0.000280

0.403500
-0.000230

0.401000
-0.000090

0.401000
-0.000123

0.398500
-0.000129

0.404500
-0.000017

0.405500
-0.000050

0.395000
-0.000034

0.400500
-0.000062

0.395000
-0.000056

0.395500
-0.000028

0.418500
0.000028

0.395000
-0.000067

0.400500
-0.000028

0.410500
0.000084

0.394500
0.000017

0.401000
0.000000

0.395000
0.000000

0.404000
0.000000

0.403500
0.000006

0.405500
0.000050

0.176000
0.000750

-0.041000
-0.000459

0.000000
0.000000

0.000000
0.000000

0.000000
0.000000

0.000000
0.000000

0.000000
0.000000

0.000000
0.000000

0.000000
0.000000

0.000000
0.000000

0.000000
0.000000

0.000000
0.000000

0.000000
0.000000

0.000000
0.000000

0.000000
0.000000

0.000000
0.000000

0.000000
0.000000

0.000000
0.000000

0.000000
0.000000

0.000000
0.000000

0.000000
0.000000

0.000000
0.000000

0.000000
0.000000

0.000000
0.000000

0.000000
0.000000

0.000000
0.000000

0.000000
0.000000

0.000000
0.000000

0.000000
0.000000

-0.003000
-0.000661

-0.028000
-0.000314

0.078500
-0.000879

0.288000
-0.000672

0.404000
-0.000661

0.401000
-0.000616

0.403500
-0.000588

0.408500
-0.000386

0.399000
-0.000213

0.404500
-0.000162

0.400000
-0.000146

0.400500
-0.000095

0.387500
-0.000050

0.030000
-0.000336

0.000000
0.000000

0.000000
0.000000

0.000000
0.000000

0.000000
0.000000

0.000000
0.000000

0.000000
0.000000

0.000000
0.000000

-0.007000
0.000638

-0.029500
0.000330

0.000000
0.000627

0.003500
0.000655

0.003500
0.000666

-0.001000
0.000571

-0.001500
0.000644

-0.000500
0.000678

0.000000
0.000627

0.000500
0.000622

-0.001000
0.000683

0.000000
0.000000

-0.013000
0.001042

0.069500
0.000778

-0.052500
0.000588

0.079500
0.000890

0.033000
0.000370

0.032500
0.000364

0.029500
0.000330

0.039000
0.000437

0.056500
0.000633

0.056500
0.000633

0.034500
0.000386

0.004500
0.000644

0.036000
0.000403

0.042000
0.000470

0.176000
0.000706

0.416000
0.000694

0.405500
0.000666

0.403500
0.000655

0.405000
0.000616

0.399500
0.000633

0.395500
0.000398

0.399500
0.000409

0.405000
0.000381

0.401000
0.000190

0.401000
0.000101

0.403000
0.000112

0.400000
0.000078

0.405500
0.000050

0.396500
0.000017

0.399000
-0.000045

0.397000
-0.000112

0.408000
-0.000022

0.404500
-0.000095

0.397000
-0.000011

0.404000
0.000123

0.398000
0.000056

0.399000
0.000246

0.399500
0.000218

0.404000
0.000034

0.406500
0.000039

0.398000
-0.000022

0.408000
0.000022

0.402000
-0.000045

0.402000
-0.000045

0.403500
-0.000095

0.405000
-0.000078

0.397500
-0.000129

0.404000
-0.000123

0.399500
-0.000106

0.398000
-0.000056

0.401500
-0.000017

0.399000
-0.000078

0.396000
-0.000078

0.408000
0.000011

0.400500
-0.000062

0.403500
-0.000039

0.403500
-0.000062

0.407500
0.000017

0.409500
-0.000006

0.395500
-0.000062

0.402500
-0.000050

0.402500
-0.000017

0.396000
-0.000078

0.396000
-0.000078

0.405500
0.000084

0.401000
-0.000034

0.399500
0.000017

0.403000
-0.000034

0.395500
-0.000028

0.397500
0.000062

0.402000
-0.000011

0.400500
-0.000006

0.398500
-0.000062

0.399000
0.000011

0.406500
-0.000073

0.396500
-0.000017

0.398500
-0.000028

0.398000
-0.000056

0.404000
-0.000034

0.401000
0.000000

0.399000
0.000011

0.334000
0.000000

-0.040500
-0.001652

-0.032000
-0.000358

0.000000
0.000000

0.000000
0.000000

0.000000
0.000000

0.000000
0.000000

0.000000
0.000000

0.000000
0.000000

0.000000
0.000000

0.000000
0.000000

0.000000
0.000000

0.000000
0.000000

0.000000
0.000000

0.000000
0.000000

0.000000
0.000000

0.000000
0.000000

0.000000
0.000000

-0.031000
0.000347

0.061000
0.000683

0.225000
0.000493

0.390500
0.000375

0.401000
0.000258

0.397000
0.000179

0.408500
0.000084

0.402000
0.000078

0.405500
0.000140

0.401000
0.000090

0.403500
0.000028

0.394000
0.000022

0.405000
0.000078

0.401000
0.000560

0.405500
0.000678

0.399500
0.000633

0.402000
0.000605

0.395000
0.000616

0.395000
0.000370

0.407000
0.000358

0.398500
0.000230

0.396500
0.000140

0.401000
0.000067

0.398500
0.000095

0.404000
0.000067

0.401500
0.000062

0.405000
0.000022

0.393000
0.000000

0.400000
-0.000078

0.398000
-0.000123

0.399500
0.000073

0.404500
0.000017

0.399000
-0.000078

0.402000
-0.000011

0.398000
0.000022

0.399000
-0.000011

0.405000
-0.000011

0.395000
0.000067

0.398000
0.000034

0.406000
0.000067

0.400500
0.000006

0.400500
-0.000006

0.411000
-0.000056

0.392000
-0.000034

0.399000
-0.000011

0.398000
0.000022

0.405000
-0.000146

0.399500
0.000050

0.404500
-0.000017

0.400000
-0.000045

0.412500
-0.000095

0.399000
-0.000011

0.397000
-0.000011

0.410000
-0.000034

0.396500
0.000039

0.405000
0.000078

0.408000
-0.000022

0.404000
0.000000

0.383000
0.000000

0.329000
-0.000045

0.056000
0.000067

0.000000
0.000000

0.000000
0.000000

0.000000
0.000000

0.000000
0.000000

0.000000
0.000000

0.000000
0.000000

0.000000
0.000000

0.000000
0.000000

0.000000
0.000000

0.000000
0.000000

0.000000
0.000000

0.000000
0.000000

0.000000
0.000000

0.187500
0.000386

0.296000
0.000605

0.407500
0.000689

0.402000
0.000482

0.401000
0.000358

0.408000
0.000280

0.399500
0.000185

0.400500
0.000162

0.386500
0.000039

0.401500
0.000062

0.394000
0.000045

0.397000
0.000011

0.400000
0.000078

0.392500
0.000039

0.408000
0.000146

0.404000
0.000650

0.404000
0.000594

0.401000
0.000459

0.402000
0.000414

0.402000
0.000314

0.395000
0.000157

0.398000
0.000224

0.403000
0.000112

0.396500
0.000073

0.396500
0.000073

0.403500
0.000028

0.404500
0.000050

0.398000
0.000056

0.402000
-0.000011

0.396000
0.000000

0.398000
0.000022

0.399500
0.000084

0.404000
0.000000

0.397500
-0.000028

0.392500
-0.000039

0.399500
0.000106

0.403500
-0.000062

0.396000
0.000000

0.390500
-0.000106

0.000000
0.000000

0.001000
-0.000594

0.002000
-0.000683

0.001500
-0.000610

-0.000500
-0.000644

0.000000
-0.000627

-0.003000
-0.000627

-0.003000
-0.000661

-0.001000
-0.000605

-0.002000
-0.000661

0.047500
-0.000532

0.087000
-0.000974

0.093500
0.001047

0.339000
-0.000851

0.318500
-0.000196

0.369000
-0.000325

0.392500
-0.000230

0.000000
0.000000

0.000000
0.000000

0.000000
0.000000

0.000000
0.000000

0.000000
0.000000

0.000000
0.000000

0.000000
0.000000

0.000000
0.000000

0.000000
0.000000

0.000000
0.000000

0.000000
0.000000

0.000000
0.000000

0.000000
0.000000

0.000000
0.000000

0.000000
0.000000

0.000000
0.000000

0.000000
0.000000

0.000000
0.000000

0.000000
0.000000

0.002000
-0.000683

0.070000
-0.000784

0.215000
-0.000347

0.268500
-0.000140

0.335000
-0.000549

0.000000
0.000000

0.003500
-0.000823

0.050000
-0.000560

-0.001500
-0.000610

0.000000
0.000000

0.030000
-0.000336

0.003500
-0.000633

-0.003000
-0.000661

0.102000
-0.000448

0.000000
0.000000

0.000000
0.000000

0.005500
-0.000644

0.001000
-0.000594

0.000500
-0.000599

0.000000
-0.000627

0.001500
-0.000644

-0.002000
-0.000627

0.159500
-0.000722

0.179000
-0.000638

0.214000
-0.000638

0.241500
-0.000610

0.312500
-0.000633

0.335500
-0.000577

0.327500
-0.000353

0.316500
-0.000330

0.288000
-0.000246

0.288000
-0.000146

0.382500
-0.000151

0.401500
-0.000062

0.403500
-0.000039

0.036000
-0.000403

0.000000
0.000000

0.000000
0.000000

0.000000
0.000000

0.000000
0.000000

0.000000
0.000000

-0.026000
0.000291

-0.006500
0.000644

-0.000500
0.000610

0.001500
0.000644

0.002000
0.000605

-0.002500
0.000655

-0.026000
0.000291

-0.001500
0.000610

0.000500
0.000588

0.000500
0.000655

-0.003500
0.000644

0.081000
0.000907

0.379000
0.000672

0.397000
0.000638

0.396500
0.000610

0.392500
0.000521

0.398000
0.000123

0.405500
0.000017

0.400500
0.000028

0.399500
0.000017

0.108500
0.000207

0.000000
0.000000

0.000000
0.000000

0.000000
0.000000

0.000000
0.000000

0.000000
0.000000

0.000000
0.000000

0.000000
0.000000

0.000000
0.000000

0.000000
0.000000

0.000000
0.000000

0.000000
0.000000

0.000000
0.000000

0.000000
0.000000

0.000000
0.000000

0.000000
0.000000

0.000000
0.000000

0.000000
0.000000

0.000000
0.000000

0.000000
0.000000

0.000000
0.000000

0.000000
0.000000

0.000000
0.000000

0.000000
0.000000

0.000000
0.000000

0.000000
0.000000

0.000000
0.000000

0.000000
0.000000

0.000000
0.000000

0.000000
0.000000

0.000000
0.000000

0.000000
0.000000

0.000000
0.000000

0.000000
0.000000

0.000000
0.000000

0.000000
0.000000

0.205000
-0.000011

0.390000
0.000000

0.400500
0.000028

0.405500
-0.000017

0.402000
-0.000045

0.400000
-0.000045

0.396000
-0.000045

0.401000
0.000000

0.400000
-0.000045

0.395000
0.000067

0.405000
-0.000022

0.399500
0.000017

0.402000
-0.000045

0.401000
0.000067

0.398500
-0.000028

0.402000
0.000022

0.406500
0.000006

0.400000
0.000045

0.400500
-0.000006

0.391000
-0.000045

0.316000
0.000000

0.248500
-0.000062

0.208000
-0.000022

0.163000
0.000000

0.131000
0.000000

0.000000
0.000000

0.000000
0.000000

0.000000
0.000000

0.000000
0.000000

0.000000
0.000000

0.000000
0.000000

0.000000
0.000000

0.000000
0.000000

0.000000
0.000000

0.000000
0.000000

0.000000
0.000000

0.000000
0.000000

0.000000
0.000000

0.000000
0.000000

0.000000
0.000000

0.000000
0.000000

0.000000
0.000000

0.000000
0.000000

0.000000
0.000000

0.000000
0.000000

0.000000
0.000000

0.000000
0.000000

0.000000
0.000000

0.000000
0.000000

0.077000
-0.000235

0.279000
-0.000571

0.343000
-0.000482

0.339500
-0.000398

0.311500
-0.000274

0.293500
-0.000252

0.273000
-0.000157

0.359000
0.000000

0.404500
-0.000017

0.398500
-0.000129

0.395500
-0.000028

0.403000
-0.000034

0.401500
-0.000062

0.401000
0.000000

0.389500
0.000006

0.298500
0.000028

0.229000
-0.000022

0.175500
0.000050

0.138000
0.000011

0.120000
0.000056

0.000000
0.000000

0.000000
0.000000

0.000000
0.000000

0.000000
0.000000

0.000000
0.000000

0.000000
0.000000

0.000000
0.000000

0.000000
0.000000

0.000000
0.000000

0.000000
0.000000

0.000000
0.000000

0.000000
0.000000

0.000000
0.000000

0.000000
0.000000

0.000000
0.000000

0.000000
0.000000

0.000000
0.000000

0.000000
0.000000

0.000000
0.000000

0.000000
0.000000

0.000000
0.000000

0.000000
0.000000

0.000000
0.000000

0.000000
0.000000

0.000000
0.000000

0.072500
0.000118

0.190000
0.000246

0.323500
0.000610

0.349500
0.000644

0.339500
0.000498

0.294500
0.000364

0.278000
0.000246

0.267000
0.000146

0.372500
0.000151

0.399500
0.000106

0.396500
0.000039

0.405000
0.000078

0.400500
0.000006

0.402500
0.000050

0.391000
0.000011

0.322500
0.000017

0.278500
0.000017

0.241000
-0.000022

0.185500
0.000017

0.144500
0.000017

0.130500
0.000095

0.000000
0.000000

0.000000
0.000000

0.000000
0.000000

0.000000
0.000000

0.000000
0.000000

0.000000
0.000000

0.000000
0.000000

0.000000
0.000000

0.000000
0.000000

0.000000
0.000000

-0.004000
0.000605

0.028500
0.000319

0.048000
0.000538

0.177500
0.000666

0.362500
0.000622

0.386500
0.000454

0.404000
0.000157

0.404000
-0.000168

0.400000
-0.000078

0.403500
-0.000028

0.399500
-0.000084

0.399000
-0.000213

0.400000
-0.000179

0.399000
-0.000146

0.399000
-0.000414

0.405000
-0.000504

0.397500
-0.000655

0.405000
-0.000515

0.399500
-0.000442

0.400500
-0.000398

0.407000
-0.000370

0.411500
-0.000252

0.402500
-0.000151

0.398000
-0.000056

0.218000
0.001053

0.027000
-0.000302

0.000000
0.000000

0.000000
0.000000

0.000000
0.000000

0.000000
0.000000

0.000000
0.000000

0.000000
0.000000

0.000000
0.000000

0.000000
0.000000

0.000000
0.000000

0.059500
0.000666

0.248000
0.000504

0.318500
0.000420

0.366000
0.000291

0.403000
0.000146

0.403500
0.000062

0.410500
0.000084

0.400500
-0.000006

0.399500
0.000017

0.393000
0.000000

0.403500
0.000039

0.399500
-0.000017

0.403000
0.000000

0.398000
0.000000

0.406000
-0.000034

0.399500
-0.000185

0.398500
-0.000230

0.397500
-0.000062

0.405000
0.000056

0.400500
0.000431

0.405000
0.000504

0.401500
0.000162

0.399000
-0.000179

0.410500
-0.000510

0.404000
-0.000403

0.399500
-0.000286

0.405000
-0.000246

0.398500
-0.000196

0.399500
-0.000073

0.398500
-0.000062

0.399500
-0.000073

0.401000
-0.000034

0.396500
-0.000017

0.406500
-0.000039

0.402500
-0.000050

0.400500
-0.000006

0.134500
-0.000084

0.000000
0.000000

0.000000
0.000000

0.000000
0.000000

0.000000
0.000000

0.000000
0.000000

0.000000
0.000000

0.000000
0.000000

0.000000
0.000000

0.000000
0.000000

0.000000
0.000000

0.000000
0.000000

0.000000
0.000000

0.000000
0.000000

0.000000
0.000000

0.000000
0.000000

0.000000
0.000000

0.000000
0.000000

0.000000
0.000000

0.000000
0.000000

0.000000
0.000000

0.000000
0.000000

0.000000
0.000000

0.000000
0.000000

0.000000
0.000000

0.000000
0.000000

0.000000
0.000000

0.000000
0.000000

0.000000
0.000000

0.000000
0.000000

0.000000
0.000000

0.000000
0.000000

0.000000
0.000000

0.000000
0.000000

0.000000
0.000000

0.000000
0.000000

0.126000
-0.000347

0.338500
-0.000330

0.407000
-0.000302

0.402500
-0.000218

0.403000
-0.000146

0.402500
-0.000084

0.401500
-0.000095

0.409000
-0.000034

0.403500
-0.000039

0.399500
-0.000017

0.407500
-0.000050

0.406500
0.000006

0.404500
-0.000017

0.406500
-0.000028

0.402000
0.000011

0.402500
-0.000342

0.405000
-0.000538

0.399500
-0.000442

0.401000
-0.000269

0.406500
-0.000196

0.373000
-0.000179

0.410000
-0.000101

0.406500
-0.000039

0.405000
-0.000045

0.397000
-0.000078

0.416500
-0.000084

0.405000
0.000022

0.399500
-0.000118

0.403500
0.000028

0.399000
-0.000011

0.409500
-0.000028

0.400500
-0.000062

0.353000
0.000034

0.300500
0.000062

0.235500
-0.000017

