-2.255213

-2.255213

-2.255213

-2.255213

-2.255213

-2.255213

-2.255213

-2.255213

-2.255213

-2.255213

-2.255213

-2.255213

-2.255213

-2.255213

-2.255213

-2.255213

-2.255213

-2.255213

-2.255213

-2.255213

-2.255213

-2.255213

-2.255213

-2.255213

-2.255213

-2.255213

-2.255213

-2.255213

-2.255213

-2.255213

-2.255213

-2.255213

-2.255213

-2.255213

-2.255213

-2.255213

-2.255213

-2.255213

-2.255213

-2.255213

-2.255213

-2.255213

-2.255213

-2.255213

-2.255213

-2.255213

-2.255213

-2.255213

-2.255213

-2.255213

-2.255213

-2.255213

-2.255213

-2.255213

-2.255213

-2.255213

-2.255213

-2.255213

-2.255213

-2.255213

-2.255213

-2.255213

-2.255213

-2.255213

-2.255213

-2.255213

-2.255213

-2.255213

-2.255213

-2.255213

-2.255213

-2.255213

-2.255213

-2.255213

-2.255213

-2.255213

-2.255185

-2.255185

-2.255156

-2.255213

-2.255213

-2.255213

-2.255213

-2.255213

-2.255213

-2.255213

-2.255213

-2.255213

-2.255213

-2.255213

-2.255213

-2.255213

-2.255213

-2.255213

-2.255213

-2.255213

-2.255213

-2.255213

-2.255241

-2.255241

-2.255241

-2.255241

-2.255241

-2.255241

-2.255241

-2.255241

-2.255241

-2.255241

-2.255241

-2.255015

-2.255015

-2.254930

-2.254534

-2.253770

-2.244773

-2.225137

-2.196872

-2.160062

-2.118527

-2.077954

-2.036816

-1.985944

-1.925566

-1.864282

-1.799490

-1.735943

-1.663880

-1.574360

-1.453207

-1.316380

-1.176016

-1.041481

-0.919508

-0.811371

-0.714550

-0.618438

-0.508150

-0.387705

-0.270570

-0.154029

-0.042015

0.064283

0.166139

0.266751

0.365099

0.447121

0.519666

0.579025

0.634990

0.692935

0.756623

0.829253

0.829253

0.950009

0.950009

1.067710

1.148063

1.227709

1.227709

1.293548

1.293576

1.294057

1.296688

1.296688

1.300140

1.303847

1.311542

1.311542

1.348437

1.372656

1.380154

1.380097

1.380239

1.381173

1.381371

1.381229

1.381031

1.376221

1.345523

1.291482

1.250174

1.247005

1.274393

1.324727

1.384483

1.452698

1.507673

1.547878

1.574360

1.583414

1.584631

1.584631

1.584291

1.582028

1.581292

1.575860

1.562788

1.544596

1.521423

1.492705

1.447747

1.390906

1.322945

1.243242

1.158277

1.077754

1.077754

0.950037

0.900807

0.858055

0.813267

0.765140

0.717013

0.683881

0.663793

0.660482

0.659039

0.652504

0.643931

0.641299

0.641441

0.641214

0.641214

0.632387

0.610148

0.574329

0.524504

0.456260

0.369796

0.261828

0.141524

0.017005

-0.118096

-0.271107

-0.439595

-0.617334

-0.795554

-0.977708

-1.157314

-1.342806

-1.542812

-1.758437

-1.981163

-2.199560

-2.393624

-2.555519

-2.689913

-2.809396

-2.809396

-2.927040

-3.034527

-3.034527

3.127223

3.101108

3.082010

3.075757

3.077285

3.080001

3.082491

3.083340

3.088065

3.097486

3.097486

3.094035

3.082745

3.058187

3.013653

2.940656

2.694305

2.694305

2.559062

2.433920

2.320916

2.220305

2.127276

2.127276

1.941247

1.860497

1.783794

1.710486

1.644958

1.582033

1.541206

1.541206

1.570744

1.621163

1.696622

1.806372

1.922347

2.014187

2.091315

2.168783

2.269677

2.390490

2.505616

2.608802

2.695352

2.765435

2.817891

2.839111

2.817693

2.750269

2.646291

2.514924

2.376824

2.241723

2.100001

1.954035

1.817689

1.713456

1.640827

1.587579

1.550175

1.533114

1.545054

1.585344

1.655398

1.756151

1.885961

2.028843

2.173592

2.312315

2.450415

2.591628

2.728964

2.866187

3.015407

-3.112843

-2.969848

-2.839953

-2.718716

-2.594479

-2.460680

-2.318251

-2.183744

-2.072267

-2.002949

-1.971345

-1.969506

-1.969817

-1.970185

-1.976211

-1.976211

-2.036391

-2.078266

-2.111171

-2.138333

-2.157374

-2.175963

-2.185526

-2.188780

-2.188780

-2.183206

-2.162524

-2.150018

-2.154913

-2.166343

-2.194439

-2.216253

-2.207878

-2.186912

-2.213480

-2.262032

-2.343375

-2.444213

-2.565705

-2.705588

-2.837011

-2.962634

-3.087492

3.064298

2.926849

2.801339

2.722740

2.722740

2.687345

2.674188

2.670595

2.649714

2.635511

2.639218

2.665757

2.709866

2.768179

2.849353

2.945607

3.043446

3.138710

-2.957682

-2.863069

-2.786083

-2.724657

-2.676728

-2.667080

-2.684198

-2.727713

-2.788120

-2.853393

-2.944186

-3.052833

3.112991

3.112991

3.015860

2.935506

2.875241

2.828557

2.780656

2.730832

2.642528

2.540898

2.425036

2.425036

2.168358

2.044235

1.914934

1.795762

1.692434

1.607497

1.546214

1.488014

1.446395

1.419007

1.418186

1.417196

1.415696

1.403502

1.375859

1.338059

1.304192

1.290073

1.299410

1.328411

1.378207

1.447640

1.447640

1.631066

1.746899

1.867854

1.974237

2.068624

2.156277

2.245062

2.335544

2.416435

2.491384

2.572388

2.664229

2.763199

2.869441

2.983294

3.110049

-3.040299

-2.907688

-2.782744

-2.673277

-2.576230

-2.478872

-2.376846

-2.272868

-2.173360

-2.076229

-1.978984

-1.881683

-1.775441

-1.655420

-1.517122

-1.364224

-1.211270

-1.082280

-0.983847

-0.898401

-0.898401

-0.673270

-0.570112

-0.521476

-0.517770

-0.518166

-0.518279

-0.518420

-0.522976

-0.522976

-0.522976

-0.619343

-0.674204

-0.674204

-0.725104

-0.779201

-0.778890

-0.778890

-0.775240

-0.772835

-0.773090

-0.749776

-0.704648

-0.640676

-0.571810

-0.571810

-0.488656

-0.474028

-0.460843

-0.440613

-0.414725

-0.380858

-0.351234

-0.350980

-0.357544

-0.363231

-0.366683

-0.383800

-0.383800

-0.522579

-0.608591

-0.681702

-0.742448

-0.803363

-0.860318

-0.892007

-0.892884

-0.881368

-0.852736

-0.809164

-0.740863

-0.649900

-0.564963

-0.491343

-0.418375

-0.348773

-0.285509

-0.231044

-0.184784

-0.138977

-0.089067

-0.049541

-0.030896

-0.025153

-0.025294

-0.023823

-0.022719

-0.023257

-0.031179

-0.059444

-0.107854

-0.177456

-0.253198

-0.322601

-0.385130

-0.385130

-0.528974

-0.594303

-0.662632

-0.752633

-0.853896

-0.957110

-1.067737

-1.188494

-1.320964

-1.443701

-1.573086

-1.679441

-1.751788

-1.780958

-1.771508

-1.731190

-1.669143

-1.579424

-1.483255

-1.392659

-1.312136

-1.249636

-1.193813

-1.153778

-1.110715

-1.090146

-1.077159

-1.070171

-1.050224

-1.039897

-1.038482

-1.043575

-1.065813

-1.106782

-1.159267

-1.209205

-1.268394

-1.345947

-1.446473

-1.544170

-1.544170

-1.671123

-1.671123

-1.702501

-1.738575

-1.776431

-1.822097

-1.856162

-1.876816

-1.888841

-1.901573

-1.904176

-1.906723

-1.905336

-1.905336

-1.904233

-1.897386

-1.876533

-1.861510

-1.856190

-1.855766

-1.855710

-1.855964

-1.854465

-1.852852

-1.853078

-1.851833

-1.850702

-1.848551

-1.845552

-1.837998

-1.829481

-1.824021

-1.823568

-1.823766

-1.825917

-1.835734

-1.850419

-1.864226

-1.878457

-1.878457

-1.907288

-1.925283

-1.941325

-1.958698

-1.984162

-2.024989

-2.076115

-2.132448

-2.187591

-2.242254

-2.301246

-2.355909

-2.401575

-2.454851

-2.512909

-2.580814

-2.654518

-2.738861

-2.822609

-2.903472

-2.985947

-3.086502

3.086848

2.979955

2.890774

2.818796

2.766057

2.722117

2.679903

2.639246

2.604473

2.580848

2.571540

2.566192

2.561411

2.561863

2.562090

2.567890

2.589619

2.631210

2.685506

2.685506

2.801367

2.884097

2.884097

2.884097

2.884097

2.884097

2.884097

2.884097

2.884097

2.884097

2.884097

2.884097

-2.563498

-2.511353

-2.457879

-2.394020

-2.326229

-2.258749

-2.188723

-2.116660

-2.037467

-1.951596

-1.851154

-1.741206

-1.741206

-1.637171

-1.637171

-1.476549

-1.414841

-1.352143

-1.271111

-1.184476

-1.088873

-0.991458

-0.897467

-0.821839

-0.749663

-0.672563

-0.672563

-0.489731

-0.379471

-0.272777

-0.161866

-0.048693

0.066094

0.184247

0.184247

0.428278

0.552656

0.673214

0.789981

0.905730

1.018423

1.128710

1.235858

1.341986

1.458159

1.588054

1.726890

1.861991

1.983483

2.088990

2.173304

2.230428

2.252356

2.251026

2.242425

2.222761

2.189346

2.189346

2.070231

1.981192

1.868527

1.736680

1.602823

1.602823

1.368356

1.280165

1.214100

1.146281

1.057609

0.967127

0.878313

0.793037

0.720068

0.661161

0.615581

0.583750

0.551949

0.502463

0.423242

0.321725

0.225612

0.147551

0.071781

-0.013071

-0.096424

-0.096424

-0.264770

-0.346028

-0.416196

-0.470802

-0.508829

-0.539867

-0.564199

-0.578629

-0.582165

-0.582788

-0.585334

-0.588192

-0.593285

-0.599057

-0.603697

-0.616740

-0.641695

-0.671799

-0.699470

-0.723406

-0.741882

-0.754020

-0.754076

-0.754076

-0.753850

-0.755859

-0.759480

-0.773401

-0.806334

-0.860007

-0.930033

-0.983876

-1.031182

-1.064936

-1.104971

-1.163850

-1.228529

-1.289869

-1.327018

-1.364649

-1.429045

-1.518933

-1.609868

-1.714723

-1.827954

-1.947522

-2.054188

-2.138191

-2.200974

-2.252695

-2.294060

-2.317430

-2.320146

-2.320401

-2.320825

-2.328238

-2.338282

-2.351637

-2.371471

-2.396680

-2.418805

-2.434254

-2.443392

-2.444637

-2.443364

-2.443336

-2.446759

-2.461585

-2.491831

-2.536534

-2.585793

-2.636693

-2.692601

-2.750631

-2.812424

-2.865304

-2.919939

-2.972621

-3.027963

-3.080023

-3.133696

3.100882

3.046954

2.986548

2.929423

2.867291

2.803263

2.742913

2.694758

2.660070

2.645442

2.645442

2.639755

2.634379

2.622666

2.605181

2.592364

2.586988

2.586818

2.586790

2.586677

2.587158

2.587271

2.587667

2.588091

2.587723

2.587723

2.587469

2.587271

2.587271

2.587158

2.587129

2.587073

2.586903

2.587129

2.585998

2.590015

2.592788

2.599890

2.600767

2.600257

2.601135

2.613074

2.613923

2.613838

2.612678

2.613103

2.613867

2.615253

2.623486

2.628749

2.629626

2.629654

2.630220

2.629315

2.628325

2.628466

2.626287

2.623175

2.621336

2.622270

2.623939

2.624335

2.626910

2.627900

2.628862

2.628070

2.628211

2.629004

2.629400

2.629739

2.633163

2.634747

2.638935

2.649347

2.649347

2.676593

2.680554

2.679338

2.679621

2.679621

2.678149

2.677640

2.677753

2.680667

2.680752

2.681064

2.680950

2.680045

2.679507

2.676593

2.674782

2.674896

2.674952

2.674499

2.673962

2.671331

2.669180

2.663295

2.650846

2.631663

2.599239

2.558921

2.499505

2.424555

2.424555

2.272902

2.228991

2.232047

2.264018

2.310448

2.355972

2.407749

2.407749

2.460318

2.517131

2.566192

2.609425

2.657269

2.713969

2.769820

2.824738

2.886078

2.952765

3.001996

3.021179

3.009635

2.972797

2.914173

2.855691

2.805979

2.748345

2.679224

2.600201

2.519140

2.444021

2.370232

2.317436

2.281306

2.276977

2.293840

2.329093

2.382059

2.450500

2.543246

2.653732

2.779666

2.902856

3.015945

3.126317

3.126317

-2.902736

-2.753149

-2.589585

-2.426077

-2.256995

-2.087263

-1.918153

-1.748534

-1.573284

-1.412832

-1.267234

-1.151062

-1.058485

-0.975840

-0.904597

-0.904597

-0.785652

-0.740580

-0.686483

-0.638271

-0.601660

-0.588390

-0.588673

-0.590144

-0.590172

-0.590795

-0.591219

-0.591219

-0.591276

-0.591304

-0.591050

-0.589352

-0.588645

-0.588984

-0.589097

-0.589267

-0.589663

-0.590088

-0.589437

-0.589324

-0.589352

-0.589239

-0.589493

-0.589182

-0.589182

-0.588786

-0.589041

-0.589126

-0.589691

-0.590540

-0.590682

-0.590597

-0.591785

-0.594558

-0.598576

-0.598859

-0.597302

-0.596199

-0.596256

-0.595803

-0.595718

-0.595859

-0.595407

-0.594784

-0.594671

-0.592351

-0.587711

-0.580128

-0.560125

-0.530700

-0.501671

-0.490099

-0.490268

-0.488882

-0.484949

-0.473886

-0.461041

-0.456543

-0.455015

-0.454562

-0.453911

-0.459004

-0.475754

-0.506707

-0.552967

-0.616033

-0.675732

-0.735346

-0.801581

-0.868240

-0.936626

-0.997004

-1.064172

-1.138103

-1.221512

-1.297989

-1.382502

-1.469419

-1.532910

-1.576029

-1.599795

-1.627268

-1.647442

-1.673613

-1.699841

-1.733171

-1.764209

-1.775073

-1.779176

-1.789758

-1.824955

-1.872799

-1.926924

-1.956293

-1.961074

-1.962291

-1.962291

-1.991065

-2.019302

-2.019302

-2.098835

-2.137257

-2.154177

-2.156950

-2.164476

-2.178736

-2.178736

-2.200465

-2.213254

-2.219959

-2.219365

-2.218771

-2.220016

-2.222166

-2.232380

-2.235973

-2.238152

-2.242198

-2.253034

-2.262654

-2.270293

-2.270010

-2.270548

-2.272613

-2.276348

-2.284185

-2.288854

-2.289278

-2.289278

-2.292221

-2.291655

-2.291485

-2.287977

-2.285968

-2.286138

-2.286590

-2.286505

-2.288797

-2.289222

-2.289391

-2.289335

-2.291230

-2.293211

-2.297766

-2.299153

-2.299492

-2.299577

-2.299916

-2.304726

-2.313526

-2.333671

-2.353985

-2.353985

-2.378035

-2.392974

-2.412666

-2.436234

-2.452022

-2.468602

-2.480146

-2.485012

-2.487558

-2.497744

-2.537298

-2.594395

-2.657064

-2.705078

-2.740219

-2.740219

-2.759062

-2.759289

-2.759883

-2.759996

-2.759855

-2.757336

-2.756374

-2.752413

-2.731929

-2.731929

-2.672824

-2.647133

-2.622094

-2.589783

-2.552068

-2.503120

-2.460397

-2.426812

-2.407064

-2.392662

-2.383693

-2.383693

-2.365161

-2.330106

-2.281469

-2.230286

-2.185611

-2.144670

-2.105427

-2.059847

-2.004759

-1.944325

-1.895575

-1.859246

-1.834178

-1.808063

-1.780421

-1.748987

-1.716364

-1.671632

-1.622062

-1.557299

-1.492280

-1.435637

-1.395602

-1.375740

-1.368383

-1.367280

-1.364507

-1.354774

-1.347333

-1.342240

-1.332338

-1.312108

-1.282400

-1.251673

-1.223436

-1.202131

-1.180543

-1.155475

-1.124720

-1.124720

-1.083582

-1.074726

-1.060947

-1.036134

-1.001870

-0.987639

-0.969078

-0.969078

-0.967182

-0.966192

-0.964806

-0.964240

-0.964721

-0.964410

-0.964579

-0.962740

-0.961467

-0.958553

-0.956374

-0.955667

-0.953998

-0.951197

-0.950631

-0.949641

-0.948735

-0.948481

-0.948339

-0.946330

-0.938719

-0.917980

-0.894072

-0.880152

-0.879586

-0.879756

-0.879756

-0.879756

-0.879926

-0.881114

-0.881453

-0.879614

-0.879614

-0.877917

-0.875738

-0.876106

-0.876191

-0.876078

-0.876898

-0.880067

-0.881086

-0.881991

-0.884198

-0.898231

-0.922083

-0.938267

-0.945255

-0.944887

-0.946924

-0.950008

-0.957365

-0.979037

-1.008066

-1.027221

-1.032003

-1.032144

-1.031974

-1.031211

-1.030843

-1.030588

-1.030588

-1.030786

-1.030984

-1.030560

-1.030786

-1.030899

-1.030588

-1.030503

-1.030333

-1.029881

-1.027928

-1.024024

-1.018365

-1.017686

-1.017205

-1.017177

-1.016781

-1.016498

-1.015875

-1.014857

-1.008265

-0.997654

-0.978472

-0.956601

-0.944802

-0.943020

-0.942907

-0.942284

-0.935890

-0.935013

-0.935635

-0.935720

-0.935409

-0.935154

-0.934985

-0.934588

-0.928336

-0.919678

-0.917245

-0.917839

-0.918065

-0.920951

-0.925902

-0.934560

-0.934560

-0.971398

-0.989336

-0.991090

-0.991600

-0.992279

-0.992816

-0.992816

-0.991685

-0.992137

-0.992562

-0.992647

-0.993014

-0.993637

-0.994288

-0.993241

-0.993241

-0.992816

-0.992647

-0.992307

-0.992307

-0.991883

-0.991826

-0.991996

-0.991628

-0.989761

-0.982319

-0.963108

-0.943642

-0.934051

-0.933740

-0.933598

-0.931448

-0.926779

-0.925535

-0.925336

-0.922507

-0.905022

-0.883773

-0.870277

-0.870051

-0.871353

-0.870815

-0.870589

-0.871239

-0.872173

-0.874974

-0.878398

-0.882302

-0.883547

-0.885556

-0.886942

-0.887112

-0.887791

-0.889828

-0.898146

-0.907710

-0.917273

-0.926723

-0.929326

-0.930458

-0.931137

-0.932976

-0.935437

-0.939568

-0.948877

-0.960703

-0.971059

-0.972247

-0.972247

-0.972558

-0.971115

-0.970974

-0.970493

-0.970238

-0.969955

-0.969531

-0.970832

-0.973407

-0.974143

-0.971228

-0.971257

-0.969729

-0.957563

-0.957563

-0.889376

-0.858960

-0.858960

-0.832110

-0.800676

-0.800676

-0.710731

-0.655162

-0.595322

-0.524588

-0.444122

-0.345321

-0.251528

-0.160225

-0.072035

0.002434

0.088191

0.163169

0.226574

0.301382

0.357516

0.427542

0.492702

0.550675

0.590711

0.607970

0.621126

0.654852

0.705837

0.765819

0.818501

0.863573

0.909776

0.960166

1.013952

1.013952

1.107490

1.152081

1.201566

1.241629

1.291115

1.335535

1.389349

1.438863

1.487641

1.544001

1.601126

1.658363

1.696871

1.727739

1.727739

1.769472

1.787410

1.795841

1.795077

1.787580

1.782543

1.780110

1.775244

1.758522

1.728842

1.679244

1.632333

1.588054

1.538512

1.489310

1.439259

1.376617

1.310552

1.310552

1.176583

1.122571

1.056392

0.989280

0.910766

0.827895

0.761263

0.711637

0.682410

0.669027

0.669027

0.658643

0.642148

0.629897

0.625172

0.624606

0.613374

0.597558

0.580780

0.565133

0.555372

0.556674

0.557183

0.558343

0.557919

0.556278

0.549431

0.537066

0.537066

0.524730

0.524702

0.523655

0.522948

0.523231

0.522891

0.522693

0.521477

0.516157

0.503482

0.484497

0.475556

0.475556

0.480847

0.498333

0.533671

0.578318

0.623050

0.654003

0.677289

0.684786

0.693784

0.707534

0.719248

0.722332

0.727821

0.744372

0.772015

0.797338

0.806080

0.800082

0.780163

0.748418

0.724001

0.705158

0.692878

0.692652

0.692482

0.690615

0.683853

0.679043

0.666707

0.652136

0.651626

0.650636

0.645006

0.623531

0.595238

0.582930

0.570905

0.546460

0.505519

0.450347

0.407426

0.379500

0.351857

0.319942

0.295865

0.283501

0.271929

0.243324

0.243324

0.192254

0.130405

0.062133

0.011006

-0.035536

-0.089888

-0.089888

-0.209626

-0.240239

-0.255631

-0.275748

-0.306899

-0.346877

-0.385498

-0.424741

-0.474820

-0.526937

-0.572687

-0.610346

-0.635442

-0.649617

-0.672421

-0.697178

-0.720775

-0.738968

-0.748361

-0.777305

-0.827328

-0.872598

-0.872598

-0.887027

-0.898910

-0.917810

-0.933089

-0.954733

-1.002436

-1.064936

-1.088165

-1.078630

-1.077272

-1.077470

-1.076565

-1.065446

-1.065446

-1.040123

-1.044112

-1.043490

-1.043377

-1.043490

-1.043745

-1.043207

-1.045895

-1.057354

-1.062277

-1.062503

-1.065446

-1.078206

-1.102878

-1.132360

-1.161983

-1.178251

-1.198793

-1.220494

-1.237272

-1.247740

-1.259906

-1.261038

-1.260812

-1.258152

-1.258152

-1.258152

-1.258152

-1.258152

-1.258152

-1.258152

-1.258152

-1.258152

-1.258152

-1.258152

-1.258152

-0.725783

-0.635781

-0.548270

-0.466134

-0.399475

-0.346934

-0.312133

-0.273654

-0.247567

-0.234609

-0.235571

-0.235684

-0.224367

-0.196922

-0.196922

-0.187925

-0.186934

-0.186934

-0.190528

-0.197177

-0.206202

-0.222216

-0.248388

-0.274616

-0.293120

-0.308143

-0.334089

-0.379075

-0.445253

-0.514318

-0.583778

-0.583778

-0.662179

-0.740750

-0.801241

-0.871268

-0.871268

-0.873984

-0.832223

-0.761291

-0.664924

-0.544733

-0.427231

-0.315132

-0.211833

-0.110853

-0.013524

0.077411

0.163791

0.241853

0.301354

0.335674

0.346878

0.347500

0.344048

0.326139

0.296035

0.268816

0.256707

0.254868

0.250906

0.236986

0.214266

0.186482

0.165573

0.162093

0.160679

0.159830

0.159773

0.157878

0.155925

0.151116

0.147268

0.137563

0.126132

0.115126

0.108194

0.105988

0.106384

0.106440

0.106440

0.106299

0.105507

0.104686

0.101942

0.095774

0.086182

0.086182

0.084315

0.083013

0.083013

0.083381

0.083834

0.082843

0.082957

0.082419

0.082674

0.081344

0.080495

0.079731

0.079901

0.080297

0.078288

0.077355

0.077241

0.074638

0.069234

0.069489

0.070196

0.070366

0.070168

0.073592

0.077779

0.077779

0.077779

0.111703

0.111703

0.124944

0.123926

0.123812

0.127689

0.132216

0.138921

0.151002

0.157736

0.160679

0.168148

0.183483

0.187840

0.184615

0.174995

0.157453

0.116088

0.050221

-0.027133

-0.102196

-0.171854

-0.233788

-0.304635

-0.369851

-0.390562

-0.355535

-0.286159

-0.214888

-0.150832

-0.088643

-0.010440

0.068725

0.141128

0.210221

0.295271

0.403267

0.526683

0.658445

0.784464

0.936230

1.087543

1.253371

1.414927

1.582650

1.747997

1.899961

2.042645

2.174832

2.307641

2.444525

2.590660

2.717755

2.832739

2.923476

2.990758

3.027653

3.027653

3.061661

3.069102

3.078552

3.087097

3.097650

3.114966

-3.137351

-3.090525

-3.044181

-3.044181

-3.012351

-3.017981

-3.026158

-3.028252

-3.028563

-3.029808

-3.031477

-3.036428

-3.036938

-3.038268

-3.041323

-3.062232

-3.101136

3.141562

3.141562

3.116239

3.095727

3.063104

3.027200

3.001028

2.984760

2.975027

2.969962

2.961333

2.941499

2.941499

2.903161

2.887657

2.879451

2.879451

2.879451

2.878886

2.878971

2.878942

2.877895

2.873934

2.868502

2.868276

2.867795

2.868049

2.868757

2.870058

2.872491

2.876000

2.877924

2.878291

2.877839

2.878122

2.876254

2.875802

2.875604

2.875094

2.876056

2.878065

2.880696

2.879169

2.878263

2.878178

2.876933

2.878263

2.880413

2.880979

2.881432

2.883554

2.896173

2.911168

2.911168

2.941612

2.945262

2.946252

2.946931

2.947214

2.947667

2.947497

2.946394

2.945658

2.945884

2.945092

2.945234

2.943932

2.937425

2.921892

2.900615

2.900615

2.858147

2.842132

2.831126

2.827533

2.819413

2.807020

2.793524

2.780481

2.770380

2.770380

2.770380

2.751311

2.743983

2.739286

2.729949

2.719594

2.709153

2.704598

2.695205

2.685868

2.678172

2.668439

2.652821

2.640231

2.634600

2.631573

2.632195

2.634600

2.636128

2.638080

2.638222

2.639608

2.641787

