0.000000
0.000000

0.000000
0.000000

0.000000
0.000000

0.000000
0.000000

0.000000
0.000000

0.000000
0.000000

0.000000
0.000000

0.000000
0.000000

0.000000
0.000000

0.000000
0.000000

0.000000
0.000000

0.000000
0.000000

0.000000
0.000000

0.000000
0.000000

0.000000
0.000000

0.000000
0.000000

0.000000
0.000000

0.000000
0.000000

0.000000
0.000000

0.000000
0.000000

0.000000
0.000000

0.000000
0.000000

0.000000
0.000000

0.000000
0.000000

0.000000
0.000000

0.000000
0.000000

0.000000
0.000000

0.000000
0.000000

0.000000
0.000000

0.000000
0.000000

0.000000
0.000000

0.000000
0.000000

0.000000
0.000000

0.000000
0.000000

0.000000
0.000000

0.000000
0.000000

0.000000
0.000000

0.000000
0.000000

0.000000
0.000000

0.000000
0.000000

0.000000
0.000000

0.000000
0.000000

0.000000
0.000000

0.000000
0.000000

0.000000
0.000000

0.000000
0.000000

0.000000
0.000000

0.000000
0.000000

0.000000
0.000000

0.000000
0.000000

0.000000
0.000000

0.000000
0.000000

0.000000
0.000000

0.000000
0.000000

0.000000
0.000000

0.000000
0.000000

0.000000
0.000000

0.000000
0.000000

0.000000
0.000000

0.000000
0.000000

0.000000
0.000000

0.000000
0.000000

0.000000
0.000000

0.000000
0.000000

0.000000
0.000000

0.000000
0.000000

0.000000
0.000000

0.000000
0.000000

0.000000
0.000000

0.000000
0.000000

0.000000
0.000000

0.000000
0.000000

0.000000
0.000000

0.000000
0.000000

0.000000
0.000000

0.000000
0.000000

0.000000
0.000000

0.000000
0.000000

0.000000
0.000000

0.000000
0.000000

0.000000
0.000000

0.000000
0.000000

0.000000
0.000000

0.000000
0.000000

0.000000
0.000000

0.000000
0.000000

0.000000
0.000000

0.000000
0.000000

0.000000
0.000000

0.000000
0.000000

0.000000
0.000000

0.000000
0.000000

0.000000
0.000000

0.000000
0.000000

-0.002470
0.000000

0.000000
0.000000

0.000000
0.000000

-0.002470
-0.007073

0.000000
0.000000

0.000000
0.000000

0.000000
0.000000

0.000000
0.000000

0.000000
0.000000

0.000000
0.000000

0.000000
0.000000

0.000000
0.000000

0.000000
0.000000

0.000000
0.000000

0.000000
0.000000

0.000000
0.007073

0.000000
0.000000

0.000000
0.000000

0.000000
0.007073

0.002470
0.021220

0.002470
0.162687

0.007409
0.233421

0.012348
0.332448

0.022227
0.410255

0.049392
0.417328

0.079028
0.403181

0.123481
0.452695

0.160526
0.580015

0.202509
0.615382

0.242023
0.615382

0.291416
0.657822

0.291416
0.643676

0.358095
0.792216

0.385261
1.068077

0.397609
1.308571

0.380322
1.435892

0.414897
1.400525

0.407488
1.294425

0.419836
1.181251

0.427245
1.011490

0.437123
0.947830

0.429715
1.011490

0.454411
1.195398

0.444532
1.181251

0.449472
1.167104

0.437123
1.124664

0.439593
1.103444

0.437123
1.032710

0.429715
1.039784

0.454411
1.018564

0.449472
0.940757

0.501334
0.735629

0.508742
0.686116

0.545787
0.551722

0.572953
0.572942

0.602588
0.601235

0.585301
0.700263

0.632224
0.707336

0.632224
0.707336

0.649511
0.523429

0.674207
0.523429

0.703843
0.721483

0.740887
0.827583

0.733478
0.735629

0.765583
0.735629

0.745826
0.014147

0.812506
0.007073

0.790280
0.000000

0.802628
0.042440

0.787810
0.042440

0.802628
0.042440

0.800158
0.077807

0.800158
0.063660

0.777931
0.063660

0.797688
0.290008

0.765583
0.162687

0.780401
-0.007073

0.750766
0.000000

0.755705
0.000000

0.733478
0.014147

0.733478
0.007073

0.760644
0.000000

0.738417
0.000000

0.738417
-0.155614

0.691495
-0.466842

0.664329
-0.551722

0.713721
-0.247568

0.689025
0.148541

0.733478
0.381961

0.708782
0.572942

0.750766
0.671969

0.755705
0.608309

0.735948
0.502208

0.731009
0.360741

0.753235
0.169761

0.768053
0.021220

0.758174
-0.007073

0.787810
0.007073

0.768053
-0.007073

0.770523
-0.028293

0.777931
-0.014147

0.787810
-0.091954

0.797688
-0.141467

0.775462
-0.226347

0.822385
-0.254641

0.780401
-0.346595

0.812506
-0.516355

0.787810
-0.657822

0.832263
-0.707336

0.805097
-0.848803

0.770523
-0.827583

0.795219
-0.770996

0.750766
-0.770996

0.792749
-0.544649

0.768053
-0.445622

0.790280
-0.424402

0.750766
-0.445622

0.748296
-0.544649

0.726069
-0.410255

0.743357
-0.268788

0.726069
-0.113174

0.728539
-0.007073

0.718660
-0.021220

0.718660
-0.063660

0.684086
-0.099027

0.708782
0.000000

0.676677
0.000000

0.698903
-0.007073

0.698903
-0.007073

0.664329
-0.134394

0.639633
-0.297081

0.629754
-0.424402

0.614936
-0.551722

0.592710
-0.799290

0.577892
-0.969050

0.540848
-1.188324

0.523560
-1.244911

0.484046
-1.287351

0.471698
-1.428818

0.454411
-1.619799

0.414897
-1.711753

0.385261
-1.775413

0.345747
-1.789560

0.306233
-1.817853

0.266719
-1.824927

0.224736
-1.916880

0.180283
-2.079567

0.158056
-2.235181

0.121012
-2.242255

0.101255
-2.114934

0.091376
-1.775413

0.106194
-1.506625

0.128420
-1.223691

0.150647
-1.195398

0.160526
-1.195398

0.195100
-1.138811

0.195100
-0.983197

0.311173
-0.983197

0.311173
-0.332448

0.367974
-0.226347

0.367974
-0.162687

0.444532
0.007073

0.523560
0.000000

0.582831
0.049514

0.582831
0.000000

0.582831
-0.014147

0.706312
0.113174

0.780401
-0.021220

0.824854
-0.021220

0.814976
-0.084880

0.817445
-0.169761

0.847081
-0.318301

0.847081
-0.551722

0.864368
-0.933683

0.861899
-1.428818

0.854490
-1.428818

0.842142
-1.294425

0.842142
-1.223691

0.856959
-1.061004

0.814976
-1.011490

0.864368
-0.961977

0.802628
-0.961977

0.832263
-0.841730

0.785340
-0.799290

0.824854
-0.770996

0.790280
-0.664896

0.829794
-0.657822

0.844611
-0.615382

0.874247
-0.198054

0.856959
-0.198054

0.879186
0.389035

0.864368
0.615382

0.861899
0.954903

0.839672
1.209544

0.834733
1.110517

0.834733
0.806363

0.859429
0.763923

0.847081
0.862950

0.822385
1.195398

0.819915
1.138811

0.787810
1.117591

0.802628
0.947830

0.790280
0.799290

0.807567
0.629529

0.832263
0.431475

0.805097
-0.028293

0.810037
-0.445622

0.810037
-0.870023

0.795219
-1.223691

0.800158
-1.379305

0.777931
-1.358085

0.748296
-1.393452

0.726069
-1.478332

0.689025
-1.506625

0.666798
-1.181251

0.666798
-0.877096

0.654450
-0.594162

0.617406
-0.459768

0.600119
-0.304154

0.572953
-0.014147

0.565544
0.268788

0.540848
0.537575

0.528499
0.834656

0.518621
1.181251

0.484046
1.379305

0.456880
1.471259

0.439593
1.414672

0.442063
1.407598

0.454411
1.414672

0.454411
1.393452

0.479107
1.358085

0.506273
1.435892

0.523560
1.520772

0.516151
1.527845

0.526030
1.351012

0.501334
1.244911

0.523560
1.202471

0.513682
1.244911

0.528499
1.414672

0.535908
1.435892

0.572953
1.259058

0.565544
0.919537

0.629754
0.516355

0.632224
0.120247

0.674207
-0.007073

0.701373
0.000000

0.731009
-0.014147

0.777931
-0.141467

0.777931
-0.141467

0.822385
-0.389035

0.780401
-0.417328

0.839672
-0.268788

0.822385
-0.268788

0.824854
-0.176834

0.829794
-0.162687

0.832263
-0.077807

0.834733
0.007073

0.814976
0.007073

0.782871
0.141467

0.731009
0.247568

0.676677
-0.007073

0.649511
-0.099027

0.649511
-0.198054

0.647041
-0.332448

0.622345
-0.056587

0.595179
0.205127

0.585301
0.141467

0.572953
-0.367815

0.637163
-0.643676

0.602588
-0.912463

0.617406
-1.110517

0.627284
-1.322718

0.617406
-1.442965

0.639633
-1.251985

0.609997
-1.244911

0.622345
-1.287351

0.575422
-1.322718

0.585301
-1.414672

0.590240
-1.068077

0.605058
-0.558795

0.639633
-0.558795

0.651981
-0.233421

0.651981
-0.021220

0.681616
-0.106100

0.661859
-0.254641

0.674207
-0.021220

0.676677
0.141467

0.649511
0.389035

0.661859
0.495135

0.661859
0.686116

0.644572
0.954903

0.676677
0.933683

0.679146
1.011490

0.664329
0.940757

0.679146
1.004417

0.669268
0.870023

0.689025
0.707336

0.649511
0.608309

0.669268
0.332448

0.659390
-0.042440

0.661859
-0.304154

0.674207
-0.509282

0.684086
-0.721483

0.664329
-0.643676

0.701373
-1.117591

0.592710
-0.983197

0.706312
-1.117591

0.624815
-1.117591

0.600119
-0.961977

0.600119
-0.735629

0.629754
-0.488062

0.602588
-0.466842

0.575422
-0.424402

0.580362
-0.657822

0.474168
-1.174178

0.503803
-1.117591

0.479107
-1.237838

0.479107
-1.237838

0.481577
-1.209544

0.486516
-1.329791

0.424775
-1.230764

0.456880
-1.096371

0.432184
-0.990270

0.447002
-0.728556

0.454411
-0.551722

0.308703
-0.544649

0.456880
-0.438548

0.412427
-0.099027

0.367974
0.007073

0.476637
0.000000

0.392670
-0.035367

0.449472
-0.176834

0.402549
-0.360741

0.417366
-0.396108

0.407488
-0.254641

0.424775
0.007073

0.380322
0.190981

0.395140
0.389035

0.355626
0.594162

0.328460
0.792216

0.323521
0.792216

0.316112
1.082224

0.281537
1.230764

0.264250
1.167104

0.229675
0.976124

0.192631
0.912463

0.177813
0.870023

0.153117
0.919537

0.128420
0.862950

0.081498
0.778069

0.051862
0.756849

0.041984
0.877096

0.029635
0.961977

0.007409
1.039784

-0.002470
1.103444

0.000000
1.202471

0.000000
1.329791

0.000000
1.336865

0.000000
1.301498

0.000000
1.202471

0.002470
1.025637

0.007409
0.947830

0.002470
1.004417

0.000000
1.053930

0.000000
1.025637

0.000000
0.983197

0.000000
0.976124

0.000000
0.976124

0.000000
1.004417

0.000000
1.138811

0.002470
1.287351

0.002470
1.485405

0.012348
1.556139

0.044453
1.450039

0.074089
1.138811

0.106194
0.884170

0.167934
0.884170

0.212388
0.884170

0.200040
1.202471

0.222266
0.813436

0.274128
0.226347

0.308703
-0.014147

0.330930
0.000000

0.363035
0.000000

0.377852
-0.007073

0.409958
-0.099027

0.409958
-0.099027

0.442063
-0.099027

0.466759
-0.509282

0.456880
-0.565869

0.471698
-0.565869

0.456880
-0.452695

0.491455
-0.056587

0.429715
0.014147

0.521091
0.014147

0.508742
0.007073

0.508742
0.035367

0.516151
0.035367

0.528499
0.332448

0.560605
0.509282

0.572953
0.686116

0.590240
0.664896

0.651981
0.664896

0.617406
0.240494

0.681616
0.099027

0.659390
0.141467

0.659390
0.247568

0.728539
0.275861

0.743357
0.396108

0.750766
0.127320

0.763114
-0.042440

0.775462
-0.077807

0.765583
-0.049514

0.787810
-0.049514

0.768053
-0.325375

0.768053
-0.325375

0.787810
-0.933683

0.777931
-0.778069

0.822385
-0.671969

0.792749
-0.594162

0.822385
-0.664896

0.807567
-0.466842

0.795219
-0.212201

0.795219
0.070734

0.800158
0.212201

0.800158
0.332448

0.834733
0.544649

0.819915
0.841730

0.824854
0.912463

0.807567
0.792216

0.832263
0.785143

0.795219
0.693189

0.817445
0.714409

0.866838
0.537575

0.874247
0.530502

0.886595
0.410255

0.894004
0.480988

0.866838
0.452695

0.921170
0.304154

0.884125
0.084880

0.913761
0.049514

0.928578
0.000000

0.928578
0.000000

0.891534
0.007073

0.965623
-0.014147

0.926109
-0.183907

0.928578
-0.353668

0.975501
-0.601235

0.948335
-0.785143

0.948335
-0.714409

0.965623
-0.686116

0.953275
-0.608309

0.945866
-0.608309

0.935987
-0.714409

0.970562
-0.551722

0.898943
-0.834656

0.940927
-0.947830

0.901413
-1.011490

0.906352
-1.046857

0.889065
-1.181251

0.903882
-1.322718

0.856959
-1.280278

0.864368
-1.280278

0.802628
-1.195398

0.812506
-0.905390

0.787810
-0.516355

0.797688
-0.070734

0.824854
0.268788

0.819915
0.480988

0.852020
0.756849

0.854490
0.997344

0.876716
0.969050

0.896473
0.792216

0.884125
0.820510

0.916230
0.594162

0.889065
0.473915

0.958214
0.410255

0.898943
0.374888

0.898943
0.148541

0.896473
0.120247

0.926109
0.106100

0.911291
0.169761

0.940927
0.084880

0.953275
-0.014147

0.935987
-0.113174

0.935987
-0.311228

0.953275
-0.516355

0.931048
-0.452695

0.992789
-0.572942

0.977971
-0.686116

1.024894
-0.891243

0.943396
-1.039784

0.980441
-0.884170

0.980441
-0.884170

1.017485
-0.396108

0.980441
-0.396108

1.005137
-0.346595

1.012546
-0.353668

0.995258
-0.452695

0.995258
-0.452695

0.987849
-0.290008

1.027363
-0.141467

1.019955
-0.099027

1.039712
-0.056587

1.032303
-0.028293

1.019955
-0.007073

1.019955
0.028293

1.019955
0.028293

1.022424
0.014147

1.049590
0.127320

1.022424
0.219274

1.032303
0.134394

0.990319
-0.007073

1.000198
0.000000

1.000198
0.000000

1.000198
-0.007073

0.980441
0.028293

0.997728
0.000000

0.968092
0.000000

0.938457
0.028293

0.997728
0.000000

0.985380
0.035367

1.029833
0.007073

1.012546
0.148541

1.022424
0.070734

1.022424
0.007073

0.992789
0.000000

1.032303
0.000000

0.997728
-0.070734

0.997728
-0.134394

0.953275
-0.113174

0.997728
-0.148541

0.958214
-0.148541

0.965623
-0.148541

0.968092
-0.155614

0.940927
-0.205127

0.950805
-0.162687

0.926109
-0.205127

0.935987
-0.325375

0.913761
-0.473915

0.891534
-0.587089

0.938457
-0.544649

0.906352
-0.516355

0.950805
-0.587089

0.906352
-0.565869

0.913761
-0.516355

0.913761
-0.466842

0.896473
-0.601235

0.921170
-0.587089

0.871777
-0.742703

0.901413
-0.770996

0.842142
-0.870023

0.874247
-0.834656

0.859429
-0.785143

0.889065
-0.961977

0.856959
-1.032710

0.866838
-1.117591

0.856959
-1.039784

0.886595
-0.785143

0.866838
-0.636602

0.884125
-0.473915

0.881656
-0.410255

0.881656
-0.403181

0.881656
-0.389035

0.876716
-0.290008

0.918700
-0.148541

0.911291
-0.056587

0.918700
-0.070734

0.935987
0.000000

0.911291
0.000000

0.896473
0.007073

0.908821
0.070734

0.891534
0.346595

0.906352
0.488062

0.871777
0.572942

0.871777
0.572942

0.780401
0.671969

0.829794
0.940757

0.829794
0.940757

0.829794
0.940757

0.829794
0.940757

0.829794
0.940757

0.829794
0.940757

0.829794
0.940757

0.829794
0.940757

0.829794
0.940757

0.829794
0.940757

0.829794
0.940757

0.753235
0.551722

0.753235
0.495135

0.743357
0.587089

0.768053
0.686116

0.740887
0.664896

0.748296
0.693189

0.701373
0.700263

0.676677
0.792216

0.671738
0.820510

0.669268
0.912463

0.661859
1.138811

0.666798
1.053930

0.639633
1.053930

0.644572
0.997344

0.627284
0.997344

0.595179
0.643676

0.595179
0.643676

0.607527
0.700263

0.533439
0.912463

0.533439
0.912463

0.488985
0.983197

0.464289
0.997344

0.434654
0.855876

0.422306
0.664896

0.385261
0.770996

0.385261
0.785143

0.350687
0.785143

0.333399
1.068077

0.306233
1.082224

0.296355
1.082224

0.261780
1.124664

0.229675
1.117591

0.182752
1.174178

0.138299
1.181251

0.106194
1.181251

0.056801
1.237838

0.032105
1.251985

0.004939
1.195398

0.002470
1.181251

0.002470
1.145884

0.009878
1.124664

0.017287
1.096371

0.027166
1.068077

0.034575
1.110517

0.039514
1.259058

0.039514
1.351012

0.074089
1.414672

0.098785
1.301498

0.150647
1.145884

0.195100
0.976124

0.259310
0.728556

0.303764
0.403181

0.303764
0.077807

0.390201
-0.070734

0.434654
-0.141467

0.439593
-0.254641

0.474168
-0.403181

0.474168
-0.403181

0.545787
-0.778069

0.535908
-1.011490

0.577892
-1.237838

0.568013
-1.358085

0.609997
-1.322718

0.568013
-1.322718

0.609997
-0.990270

0.577892
-0.770996

0.619876
-0.622456

0.617406
-0.799290

0.622345
-0.940757

0.632224
-0.912463

0.617406
-0.862950

0.664329
-0.799290

0.664329
-0.686116

0.701373
-0.530502

0.711252
-0.389035

0.780401
-0.240494

0.755705
-0.410255

0.800158
-0.608309

0.755705
-0.961977

0.775462
-1.032710

0.775462
-0.891243

0.807567
-0.735629

0.792749
-0.820510

0.750766
-0.862950

0.772992
-0.855876

0.772992
-0.855876

0.772992
-0.862950

0.726069
-0.742703

0.763114
-0.657822

0.777931
-0.459768

0.768053
-0.353668

0.753235
-0.297081

0.810037
-0.176834

0.795219
-0.106100

0.829794
-0.042440

0.864368
0.000000

0.879186
-0.042440

0.911291
-0.035367

0.881656
-0.077807

0.908821
-0.049514

0.901413
-0.106100

0.889065
-0.205127

0.935987
-0.282934

0.901413
-0.304154

0.918700
-0.254641

0.874247
-0.212201

0.886595
-0.176834

0.864368
-0.028293

0.898943
0.000000

0.906352
0.000000

0.916230
-0.021220

0.894004
-0.021220

0.894004
-0.063660

0.908821
-0.226347

0.891534
-0.452695

0.911291
-0.657822

0.898943
-0.657822

0.889065
-0.558795

0.871777
-0.396108

0.849551
-0.353668

0.832263
-0.488062

0.852020
-0.664896

0.849551
-0.643676

0.881656
-0.509282

0.837202
-0.311228

0.822385
-0.473915

0.790280
-0.820510

0.802628
-0.933683

0.839672
-0.961977

0.824854
-1.117591

0.834733
-1.181251

0.819915
-1.202471

0.817445
-0.983197

0.810037
-0.707336

0.797688
-0.544649

0.824854
-0.488062

0.834733
-0.360741

0.852020
-0.113174

0.869308
0.000000

0.856959
0.000000

0.871777
-0.028293

0.866838
-0.091954

0.866838
-0.106100

0.903882
-0.162687

0.881656
-0.233421

0.943396
-0.212201

0.881656
-0.212201

0.928578
-0.106100

0.879186
-0.070734

0.940927
0.035367

0.940927
0.000000

0.938457
-0.007073

0.960684
-0.049514

0.940927
-0.233421

0.931048
-0.389035

0.945866
-0.459768

0.958214
-0.523429

0.958214
-0.544649

0.990319
-0.551722

0.995258
-0.587089

0.995258
-0.530502

0.997728
-0.544649

0.997728
-0.551722

0.992789
-0.551722

0.992789
-0.523429

0.997728
-0.523429

0.992789
-0.551722

0.965623
-0.509282

0.973032
-0.636602

0.995258
-0.551722

1.007606
-0.601235

1.022424
-0.643676

1.005137
-0.615382

1.005137
-0.558795

1.000198
-0.410255

1.017485
-0.261714

1.037242
-0.077807

1.037242
-0.077807

1.024894
-0.035367

1.059469
-0.077807

1.047120
-0.162687

1.042181
-0.169761

1.071817
-0.120247

1.094043
-0.007073

1.096513
-0.007073

1.126148
-0.007073

1.131088
0.007073

1.118740
0.007073

1.118740
-0.007073

1.118740
0.000000

1.145905
0.007073

1.138496
0.000000

1.148375
0.000000

1.155784
0.007073

1.131088
0.000000

1.131088
-0.014147

1.131088
0.014147

1.138496
0.000000

1.175541
0.000000

1.155784
0.000000

1.123679
0.007073

1.123679
0.007073

1.187889
0.042440

1.153314
0.070734

1.180480
0.070734

1.165662
-0.021220

1.168132
-0.007073

1.138496
0.028293

1.131088
0.120247

1.158253
0.007073

1.155784
-0.021220

1.116270
-0.021220

1.126148
-0.007073

1.153314
0.014147

1.200237
0.063660

1.200237
0.091954

1.219994
0.014147

1.217524
0.000000

1.242221
0.007073

1.227403
0.007073

1.242221
-0.007073

1.185419
0.000000

1.224933
-0.007073

1.187889
-0.077807

1.182950
-0.007073

1.207646
-0.014147

1.219994
0.007073

1.212585
0.021220

1.207646
0.007073

1.202707
0.035367

1.205176
0.014147

1.180480
-0.007073

1.229873
-0.007073

1.229873
0.007073

1.222464
0.028293

1.165662
0.000000

1.170602
0.000000

1.190359
0.070734

1.187889
0.014147

1.185419
0.091954

1.173071
0.134394

1.153314
0.134394

1.173071
0.134394

1.210116
-0.007073

1.202707
0.000000

1.197767
0.007073

1.197767
0.007073

1.168132
0.028293

1.150845
0.007073

1.200237
0.014147

1.195298
0.000000

1.202707
0.014147

1.192828
0.007073

1.173071
0.007073

1.197767
0.007073

1.158253
-0.021220

1.173071
-0.035367

1.133557
-0.007073

1.145905
0.000000

1.111331
-0.028293

1.118740
0.007073

1.101452
-0.007073

1.091574
-0.035367

1.098983
-0.007073

1.111331
-0.042440

1.066877
-0.155614

1.108861
-0.275861

1.116270
-0.367815

1.106391
-0.480988

1.094043
-0.679042

1.079226
-0.799290

1.022424
-0.799290

1.019955
-0.650749

1.019955
-0.169761

0.997728
0.169761

0.995258
0.403181

0.980441
0.438548

0.948335
0.537575

0.948335
0.495135

0.965623
0.495135

0.965623
0.572942

0.943396
0.495135

0.943396
0.445622

0.973032
0.466842

0.943396
0.523429

0.965623
0.572942

0.945866
0.530502

0.913761
0.587089

0.987849
0.700263

0.928578
0.594162

0.955744
0.353668

0.940927
0.007073

0.916230
-0.240494

0.926109
-0.488062

0.901413
-0.615382

0.913761
-0.509282

0.866838
-0.488062

0.881656
-0.629529

0.898943
-0.792216

0.906352
-0.799290

0.901413
-0.785143

0.908821
-0.728556

0.876716
-0.671969

0.884125
-0.473915

0.874247
-0.205127

0.884125
0.042440

0.864368
0.240494

0.864368
0.438548

0.837202
0.622456

0.847081
0.827583

0.810037
0.997344

0.824854
1.230764

0.805097
1.216618

0.763114
1.209544

0.748296
1.117591

0.753235
1.145884

0.753235
1.145884

0.708782
1.457112

0.671738
1.549066

0.651981
1.718826

0.639633
1.641019

0.632224
1.704679

0.607527
1.782486

0.607527
1.619799

0.607527
1.789560

0.577892
1.697606

0.572953
1.520772

0.595179
1.379305

0.619876
0.997344

0.649511
0.884170

0.649511
0.756849

0.674207
0.671969

0.676677
0.671969

0.718660
0.502208

0.755705
0.473915

0.797688
0.537575

0.844611
0.438548

0.866838
0.282934

0.923639
-0.021220

0.982910
-0.007073

0.990319
0.000000

1.027363
-0.014147

0.933518
0.007073

0.881656
0.000000

0.881656
0.000000

1.005137
0.000000

1.024894
0.014147

1.079226
0.007073

1.081695
0.035367

1.121209
0.007073

1.103922
-0.007073

1.150845
0.000000

1.140966
-0.007073

1.178010
-0.007073

1.182950
-0.007073

1.187889
0.000000

1.173071
0.000000

1.173071
-0.007073

1.205176
0.000000

1.217524
0.000000

1.229873
0.007073

1.207646
0.007073

1.202707
0.000000

1.247160
0.000000

1.247160
-0.007073

1.224933
0.000000

1.227403
0.000000

1.215055
-0.007073

1.234812
-0.021220

1.227403
-0.007073

1.224933
-0.042440

1.232342
-0.021220

1.252099
0.000000

1.254569
0.070734

1.219994
0.021220

1.190359
0.021220

1.244690
-0.007073

1.205176
-0.007073

1.219994
0.035367

1.224933
0.021220

1.249630
0.000000

1.249630
0.014147

1.237281
0.035367

1.222464
0.070734

1.222464
0.127320

1.229873
0.247568

1.222464
0.275861

1.190359
0.254641

1.217524
0.014147

1.185419
0.000000

1.207646
0.028293

1.212585
0.021220

1.190359
0.162687

1.190359
0.070734

1.163193
0.014147

1.153314
0.014147

1.239751
0.007073

1.145905
-0.028293

1.173071
-0.084880

1.145905
-0.233421

1.182950
-0.332448

1.153314
-0.580015

1.182950
-0.629529

1.108861
-0.594162

1.121209
-0.608309

1.084165
-0.742703

1.103922
-0.671969

1.091574
-0.643676

1.136027
-0.622456

1.128618
-0.707336

1.118740
-0.770996

1.091574
-0.834656

1.173071
-0.735629

1.163193
-0.961977

1.163193
-0.707336

1.133557
-0.580015

1.138496
-0.311228

1.118740
-0.219274

1.076756
-0.290008

1.106391
-0.219274

1.089104
-0.240494

1.019955
-0.445622

1.012546
-0.353668

1.071817
-0.212201

1.071817
-0.106100

1.007606
0.007073

1.064408
-0.304154

1.022424
-0.438548

1.042181
-0.544649

1.054529
-0.480988

1.086634
-0.148541

1.089104
0.021220

1.131088
-0.049514

1.096513
-0.049514

1.069347
-0.254641

1.076756
-0.339521

1.076756
-0.339521

1.108861
-0.438548

1.103922
-0.290008

1.103922
-0.084880

1.096513
-0.042440

1.113800
-0.113174

1.089104
-0.205127

1.113800
-0.205127

1.138496
-0.127320

1.094043
-0.155614

1.094043
0.007073

1.103922
0.007073

1.059469
0.014147

1.086634
0.007073

1.044651
-0.070734

1.101452
-0.077807

1.066877
-0.014147

1.071817
-0.021220

1.047120
-0.084880

1.076756
-0.070734

1.047120
-0.099027

1.089104
0.014147

1.054529
-0.007073

1.096513
0.000000

1.049590
-0.106100

1.096513
-0.042440

1.081695
-0.127320

1.074286
0.000000

1.079226
-0.007073

1.056999
-0.007073

1.039712
-0.021220

1.049590
0.000000

1.059469
0.021220

1.047120
0.028293

1.042181
-0.007073

1.017485
0.000000

1.039712
0.000000

1.022424
0.000000

1.037242
-0.035367

1.029833
0.007073

1.022424
0.000000

1.022424
-0.007073

1.010076
-0.007073

1.010076
-0.028293

1.027363
-0.028293

1.012546
-0.007073

1.012546
-0.007073

1.012546
0.000000

1.012546
-0.007073

1.012546
-0.070734

1.012546
-0.127320

1.012546
-0.212201

1.012546
-0.190981

0.995258
-0.190981

0.992789
-0.106100

0.960684
-0.183907

1.000198
-0.219274

0.977971
-0.205127

0.973032
-0.183907

0.977971
-0.155614

0.931048
-0.070734

0.938457
-0.028293

0.906352
-0.014147

0.926109
-0.226347

0.911291
-0.544649

0.916230
-0.622456

0.911291
-0.594162

0.894004
-0.452695

0.889065
-0.254641

0.889065
-0.254641

0.864368
0.007073

0.844611
0.007073

0.814976
-0.028293

0.819915
0.000000

0.817445
0.014147

0.824854
0.042440

0.800158
0.007073

0.797688
0.106100

0.792749
0.247568

0.790280
0.247568

0.768053
0.282934

0.777931
0.268788

0.772992
0.254641

0.780401
0.353668

0.787810
0.431475

0.772992
0.473915

0.772992
0.396108

0.777931
0.261714

0.765583
0.176834

0.792749
0.141467

0.780401
0.127320

0.797688
0.127320

0.770523
0.240494

0.770523
0.403181

0.795219
0.530502

0.760644
0.502208

0.755705
0.396108

0.763114
0.403181

0.790280
0.367815

0.829794
0.551722

0.839672
0.572942

0.834733
0.622456

0.884125
0.396108

0.852020
0.304154

0.889065
0.254641

0.879186
0.261714

0.903882
0.346595

0.876716
0.254641

0.891534
0.410255

0.891534
0.459768

0.908821
0.544649

0.889065
0.679042

0.955744
0.608309

0.923639
0.502208

0.923639
0.318301

0.960684
0.148541

0.953275
0.000000

0.987849
0.007073

0.980441
0.049514

0.965623
0.134394

0.980441
0.049514

0.931048
0.070734

0.982910
0.176834

0.977971
0.226347

0.977971
0.325375

0.997728
0.325375

1.015015
0.205127

0.982910
0.226347

1.044651
0.212201

1.019955
0.304154

1.034772
0.318301

1.007606
0.318301

0.965623
0.304154

0.987849
-0.070734

1.015015
0.353668

0.933518
0.268788

1.024894
0.219274

1.074286
0.106100

0.958214
0.021220

0.958214
0.021220

0.970562
0.007073

1.010076
0.035367

1.000198
0.007073

1.029833
0.042440

1.029833
0.000000

1.017485
0.000000

1.017485
0.014147

1.024894
0.035367

1.037242
0.021220

1.010076
0.077807

1.010076
0.007073

0.997728
0.014147

1.029833
0.007073

0.987849
0.042440

1.037242
0.000000

1.012546
0.042440

1.019955
0.014147

1.010076
-0.007073

1.034772
0.000000

1.007606
0.084880

1.044651
0.106100

1.005137
0.297081

1.032303
0.205127

1.032303
0.070734

1.056999
-0.007073

0.997728
-0.014147

1.029833
-0.014147

1.029833
-0.014147

1.052060
0.000000

1.022424
0.000000

1.081695
0.007073

1.029833
0.049514

1.061938
0.049514

1.061938
0.000000

1.017485
0.007073

1.032303
0.000000

0.982910
-0.007073

1.047120
0.000000

1.019955
-0.021220

1.034772
-0.035367

1.000198
-0.014147

1.005137
-0.014147

0.980441
-0.091954

1.019955
-0.219274

0.990319
-0.176834

1.024894
-0.148541

1.024894
-0.021220

1.027363
0.007073

1.010076
-0.028293

1.064408
-0.042440

1.054529
-0.134394

1.089104
-0.290008

1.061938
-0.311228

1.081695
-0.099027

1.066877
0.000000

1.094043
0.000000

1.096513
0.000000

1.086634
0.014147

1.113800
0.000000

1.079226
-0.007073

1.118740
-0.007073

1.118740
0.000000

1.128618
-0.014147

1.118740
0.000000

1.098983
0.000000

1.084165
0.000000

1.066877
0.000000

1.086634
0.007073

1.089104
0.007073

1.084165
0.014147

1.096513
0.014147

1.101452
0.063660

1.089104
0.042440

1.086634
0.000000

1.106391
0.007073

1.103922
0.021220

1.086634
0.000000

1.074286
0.000000

1.094043
0.014147

1.094043
0.042440

1.111331
0.070734

1.111331
0.134394

1.113800
0.233421

1.131088
0.162687

1.101452
0.021220

1.143436
0.014147

1.138496
0.000000

1.163193
0.014147

1.131088
0.063660

1.143436
-0.007073

1.131088
0.000000

1.150845
0.007073

1.128618
-0.007073

1.182950
0.007073

1.163193
0.000000

1.182950
0.028293

1.168132
0.077807

1.190359
0.091954

1.190359
0.000000

1.210116
0.000000

1.175541
-0.035367

1.182950
-0.014147

1.148375
-0.084880

1.136027
-0.063660

1.128618
-0.063660

1.155784
-0.226347

1.116270
-0.113174

1.153314
0.000000

1.136027
-0.007073

1.136027
-0.007073

1.170602
0.000000

1.145905
0.000000

1.170602
-0.028293

1.170602
-0.007073

1.163193
-0.007073

1.165662
0.000000

1.163193
-0.007073

1.160723
0.007073

1.153314
0.021220

1.170602
0.007073

1.170602
0.007073

1.175541
0.000000

1.210116
0.000000

1.202707
0.021220

1.212585
0.021220

1.200237
-0.014147

1.185419
0.000000

1.187889
-0.007073

1.210116
0.000000

1.210116
0.042440

1.229873
0.134394

1.190359
0.219274

1.180480
0.169761

1.190359
0.014147

1.197767
0.000000

1.232342
0.000000

1.195298
0.035367

1.200237
0.035367

1.182950
0.014147

1.190359
0.007073

1.224933
0.084880

1.210116
0.240494

1.229873
0.190981

1.202707
0.021220

1.227403
-0.007073

1.207646
0.000000

1.205176
-0.007073

1.195298
0.000000

1.192828
-0.007073

1.180480
-0.014147

1.180480
-0.042440

1.192828
-0.042440

1.195298
-0.028293

1.195298
-0.014147

1.180480
-0.021220

1.180480
-0.014147

1.160723
0.000000

1.170602
-0.035367

1.207646
-0.042440

1.187889
-0.091954

1.217524
-0.113174

1.173071
-0.084880

1.205176
-0.063660

1.205176
0.000000

1.197767
-0.021220

1.197767
0.000000

1.207646
-0.028293

1.197767
-0.021220

1.224933
-0.063660

1.229873
-0.120247

1.237281
-0.120247

1.195298
-0.049514

1.190359
0.014147

1.160723
0.014147

1.180480
0.007073

1.200237
0.000000

1.190359
0.000000

1.182950
0.042440

1.185419
0.014147

1.197767
0.007073

1.210116
-0.007073

1.207646
-0.049514

1.222464
0.014147

1.150845
0.028293

1.150845
0.014147

1.155784
0.007073

1.145905
0.063660

1.150845
0.205127

1.150845
0.205127

1.138496
0.339521

1.160723
0.282934

1.155784
0.282934

1.150845
0.282934

1.150845
0.332448

1.108861
0.332448

1.138496
0.523429

1.079226
0.594162

1.076756
0.693189

1.056999
0.707336

1.076756
0.940757

1.034772
1.025637

1.019955
0.926610

1.012546
0.855876

1.012546
0.884170

1.027363
0.714409

1.005137
0.954903

1.061938
0.502208

0.990319
0.940757

1.019955
0.523429

1.015015
0.749776

1.049590
0.587089

1.071817
0.707336

1.059469
0.452695

1.079226
0.339521

1.066877
0.099027

1.096513
0.226347

1.079226
0.424402

1.089104
0.636602

1.086634
0.580015

1.069347
0.495135

1.086634
0.389035

1.079226
0.530502

1.123679
0.488062

1.108861
0.523429

1.140966
0.523429

1.140966
0.417328

1.096513
0.473915

1.126148
0.445622

1.138496
0.417328

1.098983
0.480988

1.133557
0.480988

1.089104
0.565869

1.098983
0.473915

1.136027
0.495135

1.076756
0.643676

1.076756
0.523429

1.086634
0.615382

1.153314
0.254641

1.140966
0.297081

1.187889
0.297081

1.145905
0.219274

1.155784
0.084880

1.116270
-0.007073

1.138496
-0.007073

1.150845
-0.077807

1.165662
-0.021220

1.175541
-0.035367

1.168132
-0.056587

1.158253
-0.212201

1.182950
-0.403181

1.182950
-0.523429

1.182950
-0.452695

1.187889
-0.438548

1.222464
-0.544649

1.205176
-0.459768

1.237281
-0.544649

1.224933
-0.643676

1.244690
-0.657822

1.244690
-0.657822

1.217524
-0.636602

1.163193
-0.558795

1.224933
-0.707336

1.195298
-0.721483

1.254569
-0.848803

1.224933
-0.763923

1.239751
-0.608309

1.200237
-0.381961

1.200237
-0.219274

1.229873
-0.070734

1.257038
-0.070734

1.224933
-0.190981

1.234812
-0.155614

1.234812
-0.091954

1.229873
0.000000

1.229873
-0.042440

1.222464
-0.113174

1.239751
-0.162687

1.239751
-0.198054

1.207646
-0.141467

1.229873
-0.014147

1.239751
0.049514

1.247160
0.007073

1.227403
-0.007073

1.205176
0.000000

1.252099
-0.042440

1.247160
-0.113174

1.274326
-0.134394

1.274326
-0.134394

1.227403
0.000000

1.239751
0.000000

1.249630
-0.028293

1.219994
0.000000

1.247160
-0.014147

1.239751
0.000000

1.259508
0.000000

1.229873
-0.028293

1.234812
-0.106100

1.242221
-0.141467

1.261978
-0.190981

1.197767
0.007073

1.229873
0.007073

1.237281
0.106100

1.257038
0.240494

1.244690
0.445622

1.269387
0.403181

1.215055
0.417328

1.232342
0.304154

1.234812
0.120247

1.264447
0.084880

1.257038
0.113174

1.224933
0.169761

1.212585
0.070734

1.232342
0.028293

1.264447
0.106100

1.257038
0.261714

1.252099
0.275861

1.244690
0.212201

1.229873
-0.028293

1.274326
-0.099027

1.234812
-0.311228

1.269387
-0.332448

1.207646
-0.212201

1.242221
-0.190981

1.227403
-0.049514

1.252099
0.014147

1.252099
0.007073

1.259508
-0.070734

1.232342
-0.035367

1.232342
-0.084880

1.227403
-0.099027

1.261978
-0.028293

1.229873
-0.014147

1.244690
0.007073

1.215055
-0.141467

1.239751
-0.268788

1.222464
-0.219274

1.227403
-0.070734

1.227403
-0.162687

1.239751
-0.325375

1.234812
-0.488062

1.222464
-0.502208

1.224933
-0.360741

1.219994
-0.226347

1.173071
-0.346595

1.210116
-0.233421

1.217524
-0.219274

1.234812
-0.070734

1.197767
-0.155614

1.165662
-0.389035

1.163193
-0.389035

1.163193
-0.565869

1.163193
-0.679042

1.163193
-0.601235

1.185419
-0.466842

1.116270
-0.502208

1.136027
-0.558795

1.121209
-0.558795

1.103922
-0.424402

1.103922
-0.183907

1.086634
-0.113174

1.069347
-0.297081

1.047120
-0.304154

1.079226
-0.431475

1.069347
-0.389035

1.106391
-0.410255

1.111331
-0.551722

1.091574
-0.537575

1.118740
-0.403181

1.113800
-0.381961

1.079226
-0.155614

1.084165
-0.148541

1.039712
-0.219274

1.012546
-0.275861

0.965623
-0.226347

0.960684
-0.063660

0.943396
-0.169761

0.884125
-0.417328

0.884125
-0.551722

0.805097
-0.311228

0.805097
-0.311228

0.772992
-0.014147

0.760644
-0.212201

0.733478
-0.190981

0.706312
-0.162687

0.706312
-0.297081

0.649511
-0.643676

0.632224
-0.530502

0.644572
0.056587

0.609997
0.077807

0.639633
-0.014147

0.639633
0.000000

0.651981
0.028293

0.642102
0.190981

0.666798
0.190981

0.669268
-0.014147

0.669268
-0.021220

0.703843
0.007073

0.708782
0.000000

0.718660
0.000000

0.745826
0.007073

0.748296
0.000000

0.748296
-0.113174

0.785340
-0.084880

0.785340
0.000000

0.785340
0.000000

0.810037
-0.077807

0.814976
-0.162687

0.834733
-0.297081

0.832263
-0.261714

0.864368
-0.233421

0.859429
-0.169761

0.864368
-0.233421

0.871777
-0.212201

0.871777
-0.120247

0.933518
-0.106100

0.935987
-0.063660

0.926109
0.000000

0.955744
-0.007073

0.960684
0.070734

0.960684
0.070734

0.960684
0.070734

0.960684
0.070734

0.960684
0.070734

0.960684
0.070734

0.960684
0.070734

0.960684
0.070734

0.960684
0.070734

0.960684
0.070734

0.960684
0.070734

0.960684
0.070734

1.098983
0.862950

1.108861
0.933683

1.126148
0.834656

1.118740
0.749776

1.155784
0.664896

1.165662
0.374888

1.178010
0.332448

1.180480
0.360741

1.185419
0.254641

1.160723
0.014147

1.202707
-0.007073

1.195298
0.021220

1.219994
0.240494

1.217524
0.240494

1.229873
0.240494

1.207646
0.000000

1.215055
0.014147

1.215055
0.014147

1.192828
-0.106100

1.180480
-0.077807

1.160723
-0.106100

1.197767
-0.226347

1.205176
-0.297081

1.232342
-0.226347

1.224933
-0.141467

1.217524
-0.198054

1.202707
-0.346595

1.217524
-0.551722

1.210116
-0.686116

1.197767
-0.686116

1.165662
-0.756849

1.155784
-0.756849

1.108861
-0.813436

1.108861
-0.735629

1.096513
-0.445622

1.024894
-0.261714

1.019955
-0.261714

1.019955
0.176834

1.019955
0.615382

0.955744
0.848803

0.906352
1.152957

0.889065
1.160031

0.854490
1.145884

0.849551
1.124664

0.876716
1.018564

0.839672
0.961977

0.879186
1.039784

0.903882
0.862950

0.926109
0.820510

0.926109
0.707336

0.926109
0.530502

1.061938
0.190981

1.103922
0.070734

1.128618
-0.007073

1.165662
-0.106100

1.165662
-0.226347

1.224933
-0.360741

1.249630
-0.176834

1.232342
-0.035367

1.219994
-0.014147

1.237281
-0.077807

1.224933
-0.190981

1.264447
-0.261714

1.261978
-0.282934

1.266917
-0.077807

1.257038
-0.021220

1.252099
-0.007073

1.252099
-0.014147

1.276795
0.000000

1.276795
-0.035367

1.276795
-0.021220

1.276795
-0.028293

1.276795
-0.070734

1.276795
-0.141467

1.252099
-0.127320

1.247160
-0.099027

1.264447
-0.028293

1.242221
0.000000

1.261978
0.000000

1.249630
0.000000

1.274326
0.007073

1.281735
-0.028293

1.259508
-0.007073

1.252099
-0.014147

1.286674
-0.035367

1.259508
-0.099027

1.301492
-0.042440

1.301492
-0.042440

1.271856
-0.014147

1.271856
0.000000

1.274326
0.000000

1.279265
0.000000

1.284204
0.000000

1.254569
0.007073

1.252099
0.000000

1.264447
0.000000

1.257038
-0.007073

1.252099
-0.014147

1.261978
-0.014147

1.257038
0.007073

1.279265
0.007073

1.257038
-0.021220

1.284204
-0.007073

1.219994
-0.007073

1.249630
0.007073

1.261978
-0.106100

1.266917
0.014147

1.244690
0.000000

1.284204
-0.014147

1.224933
-0.007073

1.242221
-0.007073

1.232342
0.070734

1.266917
0.084880

1.247160
0.084880

1.261978
0.084880

1.261978
0.183907

1.242221
0.183907

1.242221
-0.014147

1.224933
0.014147

1.244690
0.021220

1.222464
0.035367

1.229873
0.049514

1.202707
0.099027

1.237281
0.106100

1.212585
0.014147

1.247160
0.035367

1.212585
0.120247

1.212585
0.127320

1.205176
-0.021220

1.219994
-0.063660

1.229873
-0.120247

1.224933
-0.297081

1.178010
-0.544649

1.205176
-0.763923

1.202707
-0.770996

1.232342
-0.763923

1.163193
-0.622456

1.138496
-0.686116

1.079226
-0.735629

1.101452
-0.516355

1.056999
0.106100

1.064408
0.594162

1.037242
0.707336

1.015015
0.749776

1.034772
0.565869

1.047120
0.735629

1.052060
0.820510

1.039712
0.749776

1.010076
0.707336

1.015015
0.735629

0.992789
0.940757

0.977971
1.230764

0.948335
1.237838

0.896473
1.322718

0.931048
1.365158

0.886595
1.584432

0.901413
1.612726

0.849551
1.591506

0.834733
1.669313

0.822385
1.641019

0.782871
1.711753

0.800158
1.407598

0.733478
1.471259

0.748296
1.358085

0.726069
1.343938

0.743357
1.442965

0.731009
1.428818

0.750766
1.209544

0.726069
1.053930

0.775462
0.693189

0.748296
0.346595

0.795219
0.438548

0.743357
0.438548

0.879186
0.000000

0.834733
-0.021220

0.864368
0.134394

0.918700
0.099027

0.960684
0.233421

0.970562
0.240494

1.007606
0.396108

1.027363
0.480988

1.064408
0.374888

1.074286
0.374888

1.126148
-0.014147

1.148375
-0.077807

1.205176
-0.070734

1.197767
0.000000

1.215055
-0.007073

1.219994
-0.014147

1.249630
-0.035367

1.239751
-0.028293

1.249630
0.000000

1.210116
0.014147

1.259508
-0.113174

1.247160
-0.311228

1.259508
-0.452695

1.234812
-0.325375

1.247160
-0.325375

1.215055
-0.212201

1.215055
-0.233421

1.247160
-0.353668

1.247160
-0.318301

1.266917
-0.219274

1.215055
-0.120247

1.229873
-0.063660

1.244690
-0.049514

1.242221
-0.127320

1.200237
-0.261714

1.200237
-0.261714

1.217524
-0.155614

1.237281
-0.162687

1.239751
-0.021220

1.247160
-0.021220

1.234812
-0.014147

1.254569
0.007073

1.234812
0.000000

1.239751
0.007073

1.237281
-0.014147

1.249630
-0.084880

1.252099
-0.021220

1.249630
-0.007073

1.242221
0.007073

1.232342
0.007073

1.247160
0.007073

1.244690
0.000000

1.242221
0.063660

1.259508
0.014147

1.222464
0.014147

1.264447
0.007073

1.254569
-0.007073

1.252099
-0.035367

1.237281
-0.021220

1.252099
0.000000

1.244690
-0.021220

1.247160
0.000000

1.254569
0.000000

1.244690
0.091954

1.232342
0.000000

1.229873
0.000000

1.239751
-0.007073

1.266917
-0.021220

1.239751
0.021220

1.281735
0.007073

1.227403
0.014147

1.237281
0.014147

1.227403
0.000000

1.252099
0.084880

1.237281
0.162687

1.269387
0.134394

1.222464
0.134394

1.259508
0.070734

1.254569
0.000000

1.229873
-0.007073

1.254569
-0.014147

1.259508
0.007073

1.239751
0.000000

1.239751
0.000000

1.252099
-0.028293

1.257038
-0.007073

1.259508
0.007073

1.271856
0.007073

1.222464
0.000000

1.232342
-0.056587

1.229873
-0.127320

1.266917
-0.183907

1.269387
-0.240494

1.252099
-0.240494

1.229873
-0.169761

1.259508
-0.134394

1.234812
-0.063660

1.234812
-0.035367

1.264447
-0.127320

1.247160
-0.141467

1.232342
-0.148541

1.234812
-0.106100

1.239751
-0.120247

1.239751
-0.120247

1.249630
-0.120247

1.212585
-0.063660

1.237281
-0.056587

1.252099
-0.077807

1.252099
-0.099027

1.252099
-0.127320

1.261978
-0.084880

1.234812
-0.070734

1.224933
-0.127320

1.210116
-0.077807

1.242221
-0.084880

1.252099
-0.127320

1.254569
-0.148541

1.232342
-0.049514

1.192828
-0.049514

1.242221
-0.014147

1.257038
0.014147

1.247160
0.021220

1.249630
0.028293

1.217524
-0.007073

1.232342
0.007073

1.234812
0.014147

1.269387
0.042440

