-0.017791
11.467313

-0.308069
10.299378

-0.017791
11.467313

-0.308069
10.299378

-0.017791
11.467313

-0.308069
10.299378

-0.017791
11.467313

-0.308069
10.299378

-0.017791
11.467313

-0.308069
10.299378

-0.017791
11.467313

-0.308069
10.299378

-0.017791
11.467313

-0.308069
10.299378

-0.017791
11.467313

-0.308069
10.299378

-0.017791
11.467313

-0.308069
10.299378

-0.017791
11.467313

-0.308069
10.299378

-0.017791
11.467313

-0.308069
10.299378

-0.017791
11.467313

-0.308069
10.299378

-0.017791
11.467313

-0.308069
10.299378

-0.017791
11.467313

-0.308069
10.299378

-0.017791
11.467313

-0.308069
10.299378

-0.017791
11.467313

-0.308069
10.299378

-0.017791
11.467313

-0.308069
10.299378

-0.017791
11.467306

-0.308069
10.299378

-0.017791
11.467306

-0.308067
10.299385

-0.017792
11.467300

-0.308067
10.299385

-0.017792
11.467300

-0.308067
10.299385

-0.017792
11.467300

-0.308067
10.299385

-0.017792
11.467300

-0.308067
10.299389

-0.017793
11.467287

-0.308067
10.299385

-0.017799
11.467238

-0.308067
10.299385

-0.017799
11.467238

-0.308068
10.299381

-0.017798
11.467244

-0.308068
10.299381

-0.017796
11.467263

-0.308031
10.299530

-0.017707
11.468032

-0.307565
10.300977

-0.016441
11.476074

-0.304442
10.305238

-0.012379
11.490867

-0.294440
10.288577

-0.005716
11.485718

-0.288099
10.242461

0.000358
11.438775

-0.284226
10.165923

0.004529
11.363781

-0.283829
10.077478

0.005315
11.277859

-0.287163
9.998332

0.000829
11.144096

-0.295274
9.926119

-0.005704
11.051978

-0.300596
9.896180

-0.019186
10.930255

-0.314280
9.861135

-0.032038
10.878036

-0.329768
9.863112

-0.046214
10.840717

-0.353865
9.879516

-0.053395
10.824180

-0.369562
9.898355

-0.067368
10.803808

-0.384192
9.925681

-0.081232
10.786500

-0.391562
9.940393

-0.100580
10.762685

-0.405373
9.953896

-0.120358
10.724543

-0.419636
9.991809

-0.134033
10.736927

-0.433280
10.055284

-0.148220
10.760750

-0.447047
10.122814

-0.162607
10.786269

-0.461253
10.190236

-0.177472
10.803418

-0.476132
10.240073

-0.199191
10.770533

-0.491160
10.238627

-0.212262
10.704454

-0.505523
10.203166

-0.223416
10.620990

-0.518847
10.148269

-0.228702
10.575289

-0.538102
10.067660

-0.238697
10.487393

-0.556668
9.992193

-0.247585
10.403446

-0.566974
9.933653

-0.253207
10.312090

-0.572927
9.856210

-0.253737
10.223384

-0.573323
9.779599

-0.250207
10.173636

-0.570499
9.744824

-0.246228
10.169937

-0.568526
9.747912

-0.244486
10.188615

-0.565888
9.768364

-0.242844
10.234444

-0.564052
9.797610

-0.241376
10.316181

-0.556695
9.932038

-0.241376
10.316181

-0.543535
10.177501

-0.238350
10.474784

-0.535993
10.323639

-0.236302
10.729998

-0.534567
10.491887

-0.239808
10.804373

-0.539722
10.648989

-0.250257
10.921599

-0.549301
10.771740

-0.263583
10.989126

-0.562185
10.866817

-0.278745
11.030255

-0.581112
11.017846

-0.291316
11.121151

-0.588447
11.165439

-0.299934
11.254126

-0.589910
11.322641

-0.302566
11.410688

-0.586545
11.480744

-0.302715
11.573014

-0.584590
11.638625

-0.307767
11.716055

-0.592364
11.827509

-0.317647
11.780696

-0.600704
11.901257

-0.326958
11.813863

-0.608165
11.961978

-0.334660
11.859526

-0.612259
12.037684

-0.338625
11.934494

-0.610987
12.178764

-0.337444
12.036032

-0.605533
12.256617

-0.331985
12.114915

-0.597497
12.293137

-0.323315
12.153506

-0.587615
12.277773

-0.312422
12.164358

-0.575780
12.250987

-0.292944
12.193678

-0.562445
12.243608

-0.279935
12.241219

-0.548856
12.252653

-0.267631
12.295332

-0.537003
12.261322

-0.262555
12.315623

-0.526666
12.271167

-0.253558
12.360384

-0.512302
12.289888

-0.244793
12.417239

-0.503151
12.341179

-0.237098
12.574839

-0.498699
12.444537

-0.237482
12.692239

-0.497898
12.570347

-0.238664
12.756683

-0.497725
12.703602

-0.241370
12.884880

-0.497278
12.834464

-0.242296
13.016092

-0.492211
13.025021

-0.238972
13.142583

-0.484794
13.118183

-0.232741
13.244948

-0.472578
13.239098

-0.227463
13.359715

-0.467173
13.341188

-0.225592
13.484912

-0.465943
13.402888

-0.226151
13.603903

-0.465301
13.509568

-0.228422
13.696222

-0.467053
13.602468

-0.235984
13.785358

-0.472198
13.655177

-0.241903
13.806025

-0.477886
13.685284

-0.247738
13.813506

-0.483666
13.712089

-0.253798
13.819373

-0.489515
13.731459

-0.259494
13.817830

-0.496700
13.762483

-0.263816
13.831602

-0.499472
13.796772

-0.265959
13.857229

-0.500411
13.824024

-0.266541
13.871697

-0.500480
13.832320

-0.266570
13.873621

-0.500480
13.832320

-0.266569
13.873680

-0.500448
13.832637

-0.266524
13.874220

-0.500450
13.832627

-0.266532
13.874191

-0.500445
13.832612

-0.266488
13.874110

-0.500291
13.830887

-0.265651
13.864236

-0.499270
13.800577

-0.263627
13.804727

-0.499180
13.739461

-0.262306
13.734998

-0.499124
13.699659

-0.259838
13.609116

-0.498128
13.608735

-0.256887
13.524357

-0.496260
13.521221

-0.254960
13.479213

-0.493138
13.369701

-0.251319
13.369018

-0.492405
13.246498

-0.249049
13.240657

-0.492961
13.105990

-0.247377
13.094567

-0.494628
12.954722

-0.246040
12.942135

-0.495371
12.880361

-0.242684
12.713499

-0.493508
12.723375

-0.232421
12.509125

-0.488607
12.577317

-0.224791
12.381130

-0.484902
12.421148

-0.219821
12.230395

-0.485301
12.258297

-0.218461
12.061524

-0.489304
12.088583

-0.220030
11.884088

-0.495831
11.927324

-0.224659
11.613170

-0.503057
11.761510

-0.227591
11.428260

-0.506210
11.673324

-0.226352
11.144423

-0.508200
11.485549

-0.220746
10.968215

-0.504993
11.306344

-0.210211
10.829154

-0.490014
11.104227

-0.195572
10.786013

-0.476546
11.051596

-0.180573
10.788827

-0.462227
10.995716

-0.164584
10.751754

-0.449473
10.884127

-0.149852
10.664178

-0.443930
10.813740

-0.128827
10.503850

-0.428980
10.588169

-0.121597
10.445372

-0.412726
10.368072

-0.105225
10.352430

-0.397695
10.245525

-0.096151
10.330951

-0.370753
10.139466

-0.076811
10.336826

-0.361075
10.119783

-0.048482
10.402069

-0.340633
10.114316

-0.039017
10.431449

-0.310627
10.117021

-0.020363
10.491890

-0.290462
10.116564

-0.002292
10.545287

-0.270760
10.117473

0.015428
10.601082

-0.241960
10.124674

0.033608
10.661031

-0.221865
10.130996

0.051670
10.719843

-0.211903
10.134640

0.077544
10.816649

-0.192959
10.153562

0.093751
10.892647

-0.174734
10.187042

0.115451
11.029767

-0.157998
10.252855

0.127391
11.157086

-0.143564
10.356105

0.136256
11.308550

-0.131975
10.490326

0.140779
11.471515

-0.125540
10.648105

0.140250
11.643273

-0.126263
10.906131

0.133282
11.797899

-0.128548
10.989342

0.120021
12.009603

-0.135504
11.155799

0.110285
12.151268

-0.142307
11.317855

0.101183
12.292102

-0.145090
11.400179

0.091252
12.509987

-0.145090
11.400179

0.091252
12.509987

-0.145090
11.400179

0.091252
12.509987

-0.152746
12.230051

0.097064
12.640630

-0.143462
12.327465

0.104824
12.747015

-0.133458
12.386344

0.113844
12.814928

-0.123070
12.398935

0.128178
12.856655

-0.118479
12.382779

0.136736
12.842768

-0.111651
12.331204

0.142758
12.802007

-0.109526
12.300829

0.148955
12.727964

-0.107905
12.242270

0.150424
12.679949

-0.108235
12.206014

0.150370
12.659709

-0.108518
12.200673

0.150335
12.659211

-0.108805
12.199297

0.149835
12.656312

-0.109711
12.200704

0.148222
12.658088

-0.112428
12.222604

0.146229
12.670451

-0.118830
12.302897

0.140148
12.714473

-0.128120
12.399564

0.131497
12.738834

-0.137293
12.426444

0.122538
12.714186

-0.146955
12.404320

0.114289
12.644540

-0.155947
12.343942

0.107894
12.537467

-0.164378
12.242850

0.099928
12.328380

-0.170812
12.111899

0.098802
12.169927

-0.173342
11.962906

0.098802
12.169927

-0.170591
11.675635

0.105381
12.038242

-0.165921
11.529839

0.113973
11.911308

-0.156551
11.291821

0.123772
11.776182

-0.149573
11.129194

0.134457
11.644094

-0.141147
10.973921

0.145999
11.531902

-0.131648
10.828162

0.158395
11.420433

-0.126795
10.756351

0.178010
11.271578

-0.114577
10.638165

0.192263
11.215253

-0.100939
10.550729

0.207589
11.195936

-0.086044
10.498971

0.221957
11.215077

-0.070301
10.501180

0.234375
11.299568

-0.050147
10.617503

0.242995
11.434106

-0.037834
10.729102

0.251114
11.578602

-0.025723
10.847383

0.258871
11.734680

-0.014416
10.978802

0.265384
11.897905

-0.003458
11.120475

0.274973
12.155522

0.006360
11.272628

0.278592
12.346520

0.013323
11.454522

0.278993
12.445111

0.018063
11.742846

0.276001
12.640453

0.017505
11.936868

0.269966
12.822996

0.013179
12.133409

0.255233
13.060033

0.009170
12.224353

0.239126
13.290019

0.000827
12.404573

0.227945
13.442177

-0.008421
12.592721

0.216384
13.601143

-0.008421
12.592721

0.188257
14.012923

-0.017652
12.787724

0.188257
14.012923

-0.031040
13.083232

0.171922
14.268602

-0.035455
13.183963

0.161169
14.445790

-0.043826
13.386747

0.151061
14.621270

-0.051658
13.589486

0.136756
14.886408

-0.059559
13.801768

0.127004
15.079688

-0.067137
14.020798

0.117450
15.276876

-0.074440
14.238611

0.108331
15.469248

-0.081625
14.456589

0.099381
15.663875

-0.088412
14.672604

0.086277
15.962863

-0.094956
14.888782

0.078007
16.160296

-0.101222
15.106985

0.070301
16.357316

-0.106762
15.331653

0.066599
16.460814

-0.114556
15.660716

0.059437
16.664709

-0.122035
15.992733

0.052550
16.867767

-0.126842
16.212162

0.045986
17.064074

-0.131342
16.421199

0.039741
17.254828

-0.135784
16.627548

0.033268
17.443537

-0.141208
16.828599

0.021554
17.678594

-0.149296
16.976740

0.012821
17.798787

-0.152875
17.052035

0.002009
18.010253

-0.155679
17.134395

-0.003500
18.171782

-0.158905
17.314998

-0.006946
18.350335

-0.159483
17.597655

-0.008135
18.534251

-0.159868
17.777998

-0.010961
18.703929

-0.162519
17.951133

-0.016149
18.856468

-0.167786
18.099476

-0.022955
18.975933

-0.173809
18.233302

-0.031714
19.163591

-0.176996
18.384650

-0.033843
19.312425

-0.176788
18.459372

-0.032743
19.523991

-0.172556
18.563671

-0.028042
19.608081

-0.166098
18.585253

-0.022201
19.615700

-0.160156
18.539211

-0.013669
19.518319

-0.155123
18.438718

-0.008432
19.409205

-0.150675
18.292342

-0.003139
19.256071

-0.146035
18.113411

0.002310
19.100010

-0.141517
17.943680

0.008360
18.930616

-0.133412
17.646802

0.015177
18.743239

-0.127475
17.436083

0.022444
18.548793

-0.121377
17.225372

0.030075
18.349749

-0.114953
17.009437

0.033919
18.251372

-0.108249
16.790632

0.041855
18.053174

-0.097954
16.469071

0.050168
17.854679

-0.090823
16.256682

0.058452
17.661308

-0.083507
16.044733

0.062733
17.563347

-0.072154
15.726850

0.071232
17.368451

-0.061848
15.406244

0.078575
17.168447

-0.055425
15.191011

0.085727
16.969174

-0.049327
14.975490

0.092941
16.767808

-0.042998
14.765409

0.101010
16.581946

-0.034256
14.580619

0.116696
16.381260

-0.021821
14.448540

0.129484
16.305755

-0.006815
14.375734

0.143409
16.313723

0.008668
14.372270

0.156548
16.355572

0.023585
14.395016

0.168519
16.418162

0.037726
14.442622

0.185740
16.539590

0.051301
14.519735

0.196795
16.659604

0.064826
14.614803

0.202051
16.722198

0.083901
14.786690

0.211416
16.878344

0.095431
14.925095

0.224574
17.124501

0.100766
14.999047

0.232503
17.288487

0.111115
15.146183

0.240154
17.455877

0.120892
15.294991

0.247386
17.626253

0.130353
15.452435

0.254322
17.798661

0.139556
15.613353

0.264204
18.061475

0.148188
15.772305

0.270602
18.236995

0.156505
15.927810

0.276736
18.408042

0.164692
16.085952

0.282639
18.577377

0.172558
16.242940

0.285528
18.663238

0.172558
16.242940

0.285528
18.663238

0.199831
16.901654

0.290429
18.836487

0.205667
17.068484

0.294490
19.015721

0.210516
17.236686

0.297876
19.188008

0.214750
17.404759

0.299871
19.362422

0.217699
17.663913

0.300578
19.529396

0.219197
17.825269

0.301252
19.690061

0.220678
17.982326

0.302103
19.845192

0.222854
18.130128

0.303901
19.996225

0.226090
18.273595

0.308426
20.208899

0.230388
18.409648

0.310096
20.279172

0.235128
18.536829

0.314468
20.403380

0.241188
18.651044

0.320277
20.520630

0.248797
18.747116

0.330866
20.666158

0.257292
18.823603

0.338602
20.740690

0.266519
18.873700

0.342975
20.765059

0.281599
18.900047

0.352225
20.793055

0.291806
18.914660

0.361397
20.818157

0.296931
18.920086

0.380595
20.842249

0.307598
18.904466

0.390329
20.833089

0.317767
18.874685

0.399614
20.812175

0.328220
18.828629

0.404266
20.794444

0.343581
18.749847

0.413802
20.755053

0.353987
18.698576

0.428212
20.698905

0.359301
18.672938

0.442525
20.645280

0.369841
18.621995

0.452131
20.610584

0.380355
18.572677

0.462014
20.576407

0.390951
18.521101

0.471588
20.531608

0.401561
18.461512

0.486274
20.466793

0.412443
18.403287

0.491295
20.445716

0.423267
18.346926

0.501030
20.405724

0.434011
18.293373

0.510805
20.368571

0.444607
18.244279

0.520577
20.339570

0.461013
18.192090

0.530814
20.319398

0.472646
18.163202

0.541272
20.315757

0.484516
18.150224

0.551987
20.317374

0.496486
18.139447

0.562775
20.321182

0.514576
18.128128

0.573381
20.327226

0.526468
18.123847

0.584077
20.335240

0.538406
18.120134

0.594829
20.343139

0.550323
18.118092

0.605445
20.352980

0.562515
18.117467

0.621898
20.359853

0.574862
18.104438

0.633153
20.359698

0.587341
18.092177

0.644235
20.360505

0.600183
18.082473

0.655680
20.363756

0.613188
18.073036

0.667359
20.365721

0.632429
18.063859

0.678514
20.374064

0.644987
18.074846

0.684052
20.385569

0.664135
18.101297

0.689683
20.398122

0.677062
18.122935

0.701054
20.425499

0.689733
18.147515

0.718160
20.471909

0.702740
18.175501

0.729655
20.506353

0.715511
18.205931

0.741256
20.543644

0.728427
18.235253

0.752704
20.570823

0.741546
18.258752

0.764238
20.598681

0.761251
18.296733

0.775928
20.621330

0.774356
18.312871

0.787565
20.641069

0.787328
18.332156

0.799017
20.663860

0.800303
18.356848

0.804761
20.677531

0.819397
18.401322

0.821968
20.725742

0.832165
18.441084

0.833229
20.769739

0.844843
18.488177

0.844447
20.817570

0.857600
18.542151

0.855620
20.875820

0.869759
18.603472

0.866577
20.937285

0.881917
18.667588

0.882968
21.033926

0.894211
18.736045

0.893377
21.099378

0.905854
18.803577

0.903854
21.164336

0.917780
18.852637

0.909173
21.186542

0.929638
18.887277

0.919498
21.192350

0.946264
18.852320

0.928550
21.122881

0.955390
18.747614

0.935981
20.995548

0.962942
18.600781

0.941625
20.826508

0.968481
18.415608

0.945379
20.627664

0.972578
18.213799

0.949112
20.313518

0.974149
18.000050

0.949267
20.092727

0.973899
17.887969

0.946376
19.766031

0.970795
17.671110

0.942303
19.558944

0.965391
17.472644

0.939361
19.464649

0.948989
17.123464

0.930829
19.301641

0.939099
16.970623

0.921845
19.155635

0.928754
16.817445

0.912556
19.003213

0.923589
16.738553

0.899941
18.735128

0.914884
16.545676

0.889879
18.423315

0.909159
16.322218

0.886525
18.193870

0.907441
16.079782

0.886759
17.950720

0.908538
15.960804

0.891076
17.592595

0.912308
15.723547

0.892900
17.473416

0.919224
15.369559

0.897225
17.242440

0.924935
15.139387

0.902050
17.010833

0.930822
14.911158

0.907127
16.777128

0.937274
14.683436

0.912635
16.550721

0.944128
14.458235

0.921337
16.207916

0.951311
14.232914

0.927782
15.982033

0.959321
14.015459

0.934447
15.758216

0.966415
13.786745

0.939024
15.525200

0.971625
13.546334

0.942794
15.288099

0.978557
13.186340

0.945828
15.043767

0.981919
12.942933

0.948450
14.796704

0.986599
12.705808

0.952644
14.557114

0.992397
12.467309

0.954861
14.437825

1.001912
12.117025

0.962649
14.087754

1.009273
11.890142

0.969096
13.860104

1.018357
11.671465

0.977562
13.644656

1.030664
11.476441

0.988274
13.452586

1.044980
11.300771

0.999944
13.280535

1.061136
11.154473

1.014557
13.148389

1.079310
11.059991

1.030035
13.063042

1.098286
11.010048

1.045730
13.012619

1.117722
10.989333

1.062584
12.997936

1.137724
11.012949

1.079288
13.024802

1.164523
11.089528

1.093513
13.071295

1.172151
11.120053

1.105669
13.130537

1.190864
11.231069

1.115673
13.193834

1.200921
11.305288

1.123657
13.263391

1.209222
11.387517

1.131271
13.337874

1.222180
11.516113

1.139634
13.415862

1.231645
11.608200

1.148501
13.500498

1.241388
11.706150

1.157731
13.594492

1.251498
11.814634

1.167183
13.699271

1.261181
11.941085

1.175975
13.821224

1.270175
12.086621

1.188896
14.033621

1.274681
12.165065

1.188896
14.033621

1.274681
12.165065

1.188896
14.033621

1.274681
12.165065

1.188896
14.033621

1.336385
13.266874

1.204449
14.081958

1.353269
13.313858

1.229628
14.066696

1.371072
13.321551

1.246723
14.043316

1.389305
13.326402

1.263716
14.013805

1.407331
13.329875

1.280555
13.988997

1.425286
13.344203

1.297988
13.984116

1.451844
13.408654

1.314965
14.019516

1.467512
13.507269

1.322551
14.056196

1.485769
13.710798

1.328375
14.115499

1.495994
13.842645

1.339710
14.198530

1.507250
13.911884

1.351717
14.205126

1.526288
13.901356

1.351717
14.205126

1.553818
13.766037

1.365168
14.085948

1.570036
13.686336

1.380816
13.971601

1.587404
13.626313

1.396946
13.869748

1.605551
13.582762

1.422600
13.750836

1.614761
13.567628

1.422600
13.750836

1.614761
13.567628

1.484296
13.532910

1.633089
13.553062

1.502489
13.487271

1.651782
13.544244

1.520927
13.445926

1.679938
13.542063

1.539661
13.413880

1.698590
13.550861

1.558532
13.387255

1.716978
13.564249

1.577248
13.365773

1.735369
13.582598

1.595985
13.349660

1.753901
13.606283

1.623867
13.335329

1.772236
13.636484

1.642638
13.333481

1.790148
13.670980

1.661366
13.334861

1.799219
13.689242

1.679988
13.331925

1.817173
13.717154

1.698306
13.330117

1.843641
13.760587

1.716671
13.324606

1.860983
13.785916

1.735085
13.316964

1.878253
13.817682

1.752831
13.338343

1.894277
13.906402

1.768452
13.424806

1.906385
14.039550

1.788237
13.589385

1.919069
14.142938

1.802941
13.645765

1.932958
14.193297

1.817418
13.643170

1.946050
14.175563

1.829347
13.561160

1.956093
14.072181

1.835220
13.416277

1.959362
13.921252

1.831858
13.199206

1.955080
13.787948

1.823691
13.100135

1.946304
13.697197

1.812497
13.041699

1.935641
13.623761

1.799648
12.989422

1.922807
13.548469

1.784489
12.942937

1.899897
13.466702

1.766723
12.924876

1.882278
13.417232

1.747887
12.906814

1.864124
13.369269

1.728748
12.891110

1.845862
13.321289

1.709600
12.859355

1.836944
13.288368

1.681073
12.787696

1.819883
13.191194

1.662369
12.721666

1.811462
13.140998

1.634813
12.617220

1.794733
13.024160

1.615916
12.539318

1.777859
12.910749

1.597069
12.466712

1.751956
12.743855

1.578064
12.396093

1.734279
12.637004

1.558770
12.331364

1.716155
12.535704

1.539088
12.271662

1.697920
12.438944

1.519281
12.216248

1.679353
12.346400

1.489382
12.144029

1.660316
12.257428

1.469263
12.101963

1.641337
12.175298

1.448891
12.067272

1.621826
12.104305

1.428239
12.050831

1.601668
12.045779

1.407711
12.040605

1.571314
11.967797

1.386988
12.034953

1.551103
11.922010

1.366307
12.030511

1.530593
11.869743

1.345809
12.011568

1.510298
11.805337

1.325291
11.988576

1.490227
11.736351

1.294469
11.947721

1.470209
11.663026

1.284169
11.931621

1.449779
11.585271

1.263925
11.896420

1.429597
11.505852

1.243332
11.855998

1.409661
11.421645

1.222602
11.813409

1.389045
11.340020

1.191709
11.762343

1.368119
11.265381

1.170733
11.741045

1.346880
11.207558

1.149567
11.732648

1.325391
11.163985

1.128970
11.753436

1.303283
11.153901

1.108888
11.809159

1.281578
11.192115

1.081340
11.975105

1.262172
11.291155

1.067098
12.130331

1.245001
11.421340

1.053665
12.294628

1.229128
11.563597

1.041987
12.458641

1.213481
11.667666

1.028557
12.568957

1.189780
11.730350

1.014260
12.619718

1.174302
11.719307

0.999767
12.595298

1.159398
11.649248

0.986018
12.518081

1.146913
11.519514

0.979525
12.459460

1.122611
11.210389

0.965657
12.313564

1.109369
11.038113

0.951329
12.164199

1.095328
10.864084

0.943546
12.095344

1.079099
10.715613

0.926182
11.997573

1.059860
10.623512

0.907789
11.978862

1.029183
10.608208

0.891798
12.065382

1.011924
10.692312

0.880521
12.195161

0.998421
10.806820

0.868929
12.315531

0.982335
10.888669

0.854097
12.388030

0.964722
10.914249

0.830598
12.399150

0.946400
10.877587

0.813957
12.388359

0.927143
10.854113

0.796834
12.426361

0.908281
10.910580

0.781891
12.541082

0.891470
11.033903

0.769484
12.701176

0.867870
11.256337

0.758344
12.878409

0.856732
11.445223

0.753507
13.096825

0.852332
11.657892

0.755422
13.302876

0.856499
11.847083

0.762554
13.463251

0.863170
12.010738

0.768930
13.627076

0.868932
12.292124

0.772539
13.817916

0.869856
12.494676

0.773512
13.918139

0.869618
12.703757

0.773898
14.131590

0.868460
12.815368

0.771302
14.472481

0.860573
13.155343

0.766891
14.705431

0.853044
13.375497

0.760338
14.931555

0.843414
13.581844

0.752092
15.145204

0.832535
13.778381

0.747719
15.247936

0.814157
14.046983

0.736162
15.417692

0.792555
14.255009

0.723291
15.567271

0.777851
14.384295

0.709334
15.689353

0.761842
14.474352

0.694641
15.774927

0.745385
14.531479

0.679578
15.824977

0.728499
14.550188

0.656217
15.851918

0.711617
14.545617

0.640625
15.866279

0.694589
14.547390

0.625134
15.886505

0.677618
14.554760

0.609665
15.908521

0.660597
14.559616

0.594126
15.929881

0.635195
14.574409

0.578518
15.954123

0.618491
14.587435

0.563090
15.981080

0.601605
14.604930

0.547925
16.011881

0.584889
14.626757

0.540315
16.029019

0.560017
14.667955

0.525444
16.074481

0.544088
14.727966

0.511097
16.144267

0.528287
14.793835

0.497415
16.242050

0.514085
14.918083

0.485892
16.399589

0.503282
15.097136

0.477937
16.603256

0.496361
15.312688

0.471503
16.953645

0.493065
15.553021

0.469687
17.196527

0.491332
15.797304

0.468768
17.439283

0.490176
16.041172

0.468032
17.685620

0.488956
16.281715

0.466604
17.927253

0.485914
16.522223

0.462121
18.280287

0.481177
16.749614

0.457171
18.501761

0.475526
16.968435

0.454701
18.612336

0.467661
17.282661

0.450133
18.823061

0.462647
17.493778

0.446132
19.029287

0.456635
17.797523

0.443225
19.232050

0.454863
18.000851

0.443822
19.437307

0.457628
18.192438

0.447498
19.608976

0.462283
18.355468

0.452071
19.765450

0.468578
18.600001

0.454709
19.934254

0.469633
18.770235

0.454891
20.105169

0.468807
18.852367

0.450424
20.237852

0.458983
18.984058

0.447166
20.269132

0.455352
18.996734

0.436441
20.255909

0.447301
18.961349

0.432786
20.234553

0.434537
18.875891

0.420233
20.148506

0.425276
18.814428

0.411255
20.084028

0.415699
18.738354

0.406729
20.043985

0.400578
18.615782

0.397014
19.965535

0.383987
18.513505

0.386412
19.899789

0.372616
18.458300

0.375549
19.860260

0.366725
18.448506

0.359511
19.869132

0.355760
18.480892

0.349873
19.928663

0.346320
18.577452

0.342152
20.061870

0.337452
18.835017

0.337758
20.247697

0.333424
19.032882

0.334408
20.450556

0.330058
19.244138

0.331240
20.663335

0.326704
19.455024

0.327931
20.873586

0.320684
19.759544

0.324131
21.073126

0.316830
19.953928

0.320551
21.264282

0.313131
20.146545

0.317090
21.450217

0.309620
20.326577

0.313723
21.628755

0.307784
20.415841

0.308582
21.888287

0.303772
20.585109

0.304581
22.053007

0.299563
20.746320

0.300469
22.209386

0.294829
20.898901

0.298222
22.281671

0.287852
21.108321

0.294052
22.414038

0.285773
21.172584

0.288951
22.677797

0.283059
21.287222

0.285679
22.770353

0.279052
21.358253

0.281761
22.816090

0.274693
21.379359

0.277990
22.814981

0.271440
21.361549

0.275786
22.783752

0.269557
21.299645

0.275532
22.737596

0.269896
21.249928

0.276305
22.691844

0.271256
21.207935

0.278353
22.650758

0.274442
21.167477

0.282119
22.611925

0.279090
21.121342

0.289459
22.514173

0.284308
21.025766

0.293892
22.398360

0.288187
20.887986

0.297039
22.238483

0.291112
20.717720

0.299137
22.055477

0.292286
20.521113

0.299411
21.954601

0.288988
20.120288

0.297187
21.754273

0.286480
20.032078

0.290265
21.610267

0.277555
19.917395

0.281361
21.518579

0.267319
19.837923

0.271489
21.449187

0.256450
19.776245

0.261261
21.392948

0.239701
19.713932

0.251179
21.350853

0.228871
19.675429

0.241583
21.307970

0.218417
19.639827

0.236892
21.289566

0.203881
19.578860

0.228300
21.225475

0.195055
19.490158

0.221561
21.106150

0.186137
19.265562

0.217583
20.937049

0.182706
19.082686

0.215781
20.738542

0.180982
18.875727

0.214505
20.522996

0.178828
18.659458

0.212734
20.301677

0.175397
18.314134

0.211336
20.071639

0.174153
18.082562

0.211483
19.836268

0.175018
17.846841

0.213685
19.600340

0.179083
17.620212

0.219625
19.398375

0.186749
17.426244

0.227733
19.225198

0.201675
17.185432

0.237939
19.096011

0.207258
17.121671

0.254793
18.948466

0.213460
17.068600

0.271877
18.811637

0.219686
17.018737

0.283812
18.742653

0.232914
16.960465

0.296157
18.720678

0.253476
16.931536

0.308932
18.731326

0.267720
16.947100

0.315160
18.751206

0.288494
17.013716

0.327509
18.810531

0.301824
17.073339

0.339428
18.889269

0.314925
17.154311

0.356392
19.024990

0.327484
17.233829

0.367442
19.089716

0.333645
17.253026

0.383500
19.100645

0.344018
17.207503

0.391899
19.023935

0.350774
17.088927

0.395630
18.885771

0.352027
16.864293

0.393569
18.743543

0.346991
16.740973

0.387234
18.636609

0.337754
16.663339

0.377700
18.563144

0.326154
16.605296

0.366883
18.499464

0.313185
16.556736

0.348147
18.425064

0.298535
16.522637

0.335107
18.383332

0.283910
16.498447

0.321951
18.353700

0.268937
16.485803

0.308505
18.336978

0.261398
16.484199

0.295064
18.327703

0.239187
16.503286

0.281681
18.339357

0.224435
16.533633

0.268333
18.365323

0.209566
16.574990

0.255075
18.395733

0.194987
16.620307

0.241770
18.431053

0.180810
16.681374

0.222348
18.514750

0.166717
16.744496

0.209448
18.558922

0.152136
16.778829

0.196423
18.566005

0.137702
16.782752

0.183172
18.534280

0.123282
16.742450

0.170281
18.475871

0.108710
16.698223

0.150717
18.393042

0.094091
16.656998

0.137824
18.342409

0.079383
16.619070

0.124443
18.293710

0.065331
16.584251

0.111581
18.240999

0.050532
16.545364

0.098446
18.196121

0.028401
16.533671

0.085186
18.211875

0.014404
16.590465

0.072620
18.280527

0.014404
16.590465

0.072620
18.280527

0.014404
16.590465

0.028906
18.706309

0.008477
16.646100

0.012334
18.809985

-0.004143
16.679831

0.000864
18.797940

-0.016380
16.637441

-0.009431
18.720813

-0.027373
16.531937

-0.018335
18.601468

-0.037741
16.412277

-0.028449
18.487501

-0.056607
16.306532

-0.034227
18.461921

-0.076118
16.252415

-0.044837
18.420801

-0.088062
16.207561

-0.055012
18.347820

-0.093441
16.166975

-0.067569
18.168439

-0.101231
16.025710

-0.073198
18.015662

-0.111570
15.813483

-0.079707
17.886908

-0.120435
15.710372

-0.087795
17.792140

-0.125586
15.665712

-0.101507
17.667447

-0.136724
15.599096

-0.111756
17.605481

-0.148390
15.555222

-0.127687
17.548453

-0.160864
15.524453

-0.138891
17.518031

-0.173856
15.513908

-0.150470
17.515969

-0.186719
15.534645

-0.161812
17.545866

-0.199007
15.581313

-0.172260
17.598597

-0.210056
15.662027

-0.184829
17.762625

-0.217310
15.802293

-0.187931
17.832557

-0.221689
15.959915

-0.191319
17.996556

-0.224354
16.131369

-0.193515
18.168981

-0.225770
16.303169

-0.194597
18.342735

-0.225348
16.557025

-0.193302
18.503844

-0.222024
16.700775

-0.189150
18.628261

-0.215585
16.803303

-0.182256
18.697253

-0.215585
16.803303

-0.167525
18.767073

-0.207142
16.784893

-0.156646
18.685935

-0.199700
16.695149

-0.151074
18.567742

-0.195429
16.559419

-0.147911
18.424232

-0.193537
16.402527

-0.146570
18.259417

-0.192767
16.224615

-0.145177
18.069752

-0.189753
15.933745

-0.143476
17.977028

-0.182765
15.648880

-0.138378
17.791320

-0.177102
15.457678

-0.132363
17.603387

-0.170409
15.266697

-0.125960
17.415393

-0.159977
14.974102

-0.120255
17.221239

-0.155027
14.772396

-0.115727
17.018822

-0.149723
14.572443

-0.112883
16.924361

-0.142694
14.383306

-0.105995
16.748872

-0.134925
14.207955

-0.098874
16.575671

-0.127041
14.030459

-0.089049
16.308625

-0.121026
13.849670

-0.084805
16.134880

-0.117881
13.672164

-0.083026
15.961000

-0.117714
13.506034

-0.083592
15.802727

-0.120035
13.358506

-0.086110
15.665393

-0.127617
13.175777

-0.088359
15.606221

-0.135997
13.000848

-0.092689
15.488305

-0.140352
12.879315

-0.095355
15.363614

-0.143310
12.756539

-0.096948
15.237512

-0.145152
12.629786

-0.097766
15.039899

-0.145727
12.493625

-0.097546
14.897575

-0.145629
12.345523

-0.096796
14.745537

-0.145032
12.189018

-0.095191
14.588098

-0.142809
12.029834

-0.092140
14.429641

-0.137015
11.781858

-0.087876
14.267808

-0.131579
11.615152

-0.082096
14.109602

-0.124437
11.458875

-0.078491
14.037732

-0.115178
11.311908

-0.070267
13.896650

-0.105141
11.177178

-0.054981
13.730471

-0.091142
11.090626

-0.042572
13.671865

-0.075019
11.036725

-0.029217
13.628380

-0.058816
10.991136

-0.015489
13.599386

-0.041268
10.953928

-0.008459
13.580445

-0.014717
10.875652

0.012226
13.467895

0.001082
10.771376

0.018451
13.410036

0.016065
10.648042

0.034418
13.209258

0.027118
10.497717

0.040596
13.049693

0.031946
10.335689

0.040598
12.807136

0.028070
10.186282

0.036251
12.669834

0.022413
10.051148

0.032820
12.533358

0.019050
9.910709

0.031354
12.385718

0.018885
9.761680

0.033461
12.232710

0.026714
9.529871

0.039297
12.087111

0.036064
9.391171

0.048152
11.961844

0.048554
9.275104

0.058432
11.858708

0.061757
9.176375

0.069272
11.759170

0.068550
9.128529

0.086388
11.611208

0.083757
9.023106

0.098452
11.498641

0.098584
8.888177

0.108871
11.347399

0.109836
8.718504

0.116016
11.160041

0.118597
8.518618

0.122072
10.953533

0.125543
8.303995

0.126306
10.734397

0.133494
7.963928

0.131042
10.503018

0.141143
7.734697

0.137425
10.272504

0.150625
7.505098

0.144990
10.045703

0.161934
7.278914

0.149132
9.931435

0.180049
6.941236

0.161668
9.589186

0.190222
6.709381

0.166811
9.353087

0.197619
6.470864

0.169937
9.115199

0.201118
6.231086

0.171222
8.871603

0.204083
5.990059

0.173879
8.506844

0.210330
5.754125

0.178682
8.269120

0.219896
5.516164

0.184825
8.031802

0.232892
5.284598

0.194250
7.803507

0.252738
5.070938

0.209916
7.596969

0.283409
4.886925

0.247225
7.375885

0.329909
4.802477

0.279045
7.316725

0.355148
4.785848

0.329004
7.272246

0.380685
4.780985

0.345948
7.265719

0.481924
4.829843

0.379647
7.286222

0.506933
4.856257

0.412819
7.314683

0.579655
4.955675

0.445819
7.360150

0.625400
5.044398

0.478347
7.416346

0.669119
5.141511

0.494244
7.446963

0.711744
5.251846

0.541005
7.554004

0.751390
5.377895

0.585881
7.690366

0.788360
5.517052

0.614063
7.802433

0.820303
5.678485

0.638710
7.950848

0.845004
5.878154

0.658052
8.137247

0.860645
6.102631

0.675136
8.469501

0.862513
6.342691

0.677007
8.709773

0.854144
6.578885

0.673230
8.954351

0.839772
6.807546

0.666227
9.190654

0.824620
7.032004

0.659203
9.427503

0.803231
7.372166

0.652179
9.667385

0.789856
7.598783

0.645510
9.905127

0.777553
7.823640

0.639236
10.144008

0.765474
8.053211

0.633046
10.381445

0.754091
8.282862

0.627101
10.620795

0.743491
8.509958

0.621405
10.860409

0.733227
8.740236

0.615929
11.096672

0.723380
8.971672

0.610619
11.334239

0.713982
9.202307

0.605217
11.571834

0.704632
9.427733

0.596900
11.927898

0.695416
9.655055

0.594241
12.043633

0.681742
9.994795

0.588453
12.274920

0.672672
10.216430

0.582496
12.505164

0.663828
10.436352

0.576771
12.732988

0.650881
10.767426

0.571234
12.953580

0.642912
10.985779

0.566971
13.178698

0.638306
11.208876

0.566133
13.293454

0.636186
11.549977

0.567386
13.516292

0.638210
11.771885

0.571231
13.729202

0.643684
12.086991

0.576175
13.917588

0.649482
12.259276

0.582750
14.067047

0.657007
12.390752

0.590622
14.165312

0.665931
12.477719

0.598719
14.233386

0.674690
12.547277

0.611082
14.329854

0.683788
12.616996

0.618988
14.384720

0.687923
12.647181

0.626063
14.433500

0.691526
12.670355

0.626063
14.433500

0.691526
12.670355

0.626063
14.433500

0.691526
12.670355

0.655920
14.604553

0.694368
12.612310

0.656949
14.538377

0.694026
12.542626

0.654216
14.476596

0.689842
12.481240

0.648706
14.425052

0.682127
12.428169

0.640813
14.378414

0.666380
12.340597

0.629921
14.313844

0.652973
12.265339

0.618305
14.216209

0.639821
12.142244

0.607819
14.076749

0.634983
12.054808

0.607819
14.076749

0.634983
12.054808

0.597302
13.196610

0.635592
11.812904

0.599113
12.953246

0.637416
11.692231

0.604503
12.590537

0.642557
11.450851

0.608842
12.347480

0.648422
11.210978

0.613938
12.103709

0.658159
10.850410

0.619172
11.860504

0.664923
10.611266

0.624511
11.617124

0.671915
10.372475

0.630003
11.376754

0.675450
10.253370

0.635600
11.134693

0.679040
10.132676

0.644336
10.772914

0.690451
9.776047

0.650496
10.530856

0.698013
9.538783

0.656656
10.290062

0.706031
9.302232

0.663162
10.049658

0.714607
9.066645

0.670097
9.811574

0.723679
8.833252

0.681351
9.455613

0.733686
8.602190

0.689794
9.216034

0.744167
8.370336

0.698482
8.979872

0.755325
8.140576

0.707612
8.746490

0.767116
7.911166

0.716581
8.513310

0.783561
7.564609

0.724618
8.273359

0.793148
7.326055

0.729547
8.027872

0.798306
7.078898

0.729188
7.782389

0.797334
6.830236

0.724664
7.534000

0.794264
6.587892

0.716784
7.164029

0.791201
6.342112

0.712379
6.916385

0.791583
6.097997

0.712427
6.672324

0.797239
5.851259

0.715651
6.429173

0.805761
5.610969

0.718085
6.306519

0.826111
5.262319

0.728297
6.070878

0.845702
5.037387

0.742415
5.841272

0.868243
4.817048

0.755331
5.610122

0.877082
4.704736

0.762194
5.245730

0.880048
4.465044

0.754418
5.007292

0.874458
4.103027

0.745623
4.773671

0.873788
3.862852

0.741184
4.539342

0.876609
3.745452

0.744617
4.188239

0.898059
3.530930

0.763036
3.964325

0.935717
3.331095

0.813490
3.664229

0.992003
3.179463

0.863369
3.514706

1.061151
3.084805

0.923714
3.399305

1.137515
3.023969

0.992565
3.320977

1.217838
3.018074

1.065584
3.289778

1.335335
3.070191

1.139868
3.283289

1.374226
3.097759

1.249919
3.307142

1.449486
3.166104

1.321425
3.344348

1.521539
3.233331

1.393461
3.369134

1.593639
3.293395

1.501473
3.391909

1.629982
3.310205

1.607370
3.387651

1.703313
3.296819

1.642629
3.372124

1.775457
3.288788

1.713287
3.327993

1.847369
3.237740

1.777624
3.221422

1.913697
3.125768

1.860422
2.994475

1.967574
2.969315

1.903997
2.810239

2.011770
2.787436

1.935716
2.606824

2.044091
2.616289

1.963657
2.450898

2.079337
2.494609

1.999687
2.346200

2.121853
2.430719

2.063282
2.280427

2.163559
2.448692

2.102752
2.316502

2.188775
2.517083

2.123029
2.396598

2.191088
2.616500

2.119420
2.505228

2.179598
2.734847

2.107208
2.645182

2.151316
2.948581

2.082445
2.792271

2.119452
3.080864

2.047204
2.921501

2.084377
3.209837

2.012475
3.063536

2.050337
3.350771

1.982926
3.216524

2.028759
3.495265

1.955897
3.399791

2.003506
3.580654

1.923394
3.456313

1.967102
3.593300

1.903570
3.463416

1.927726
3.584162

1.863091
3.465812

1.887238
3.588379

1.820151
3.481387

1.823721
3.610795

1.772607
3.512973

1.776529
3.665127

1.725600
3.592158

1.732430
3.761567

1.686085
3.715249

1.700185
3.904137

1.661393
3.888436

1.684722
4.096702

1.655919
4.201739

1.683120
4.314871

1.658619
4.424993

1.688678
4.537689

1.668349
4.643578

1.698740
4.762772

1.679267
4.871199

1.709463
4.989562

1.693029
5.099005

1.735888
5.312223

1.715823
5.290950

1.758641
5.489350

1.740795
5.448434

1.781900
5.641210

1.764783
5.584414

1.806652
5.758835

1.792115
5.697510

1.832746
5.882112

1.831513
5.875446

1.860217
5.987657

1.860605
5.955129

1.889544
6.056756

1.890090
6.020830

1.916856
6.129282

1.916312
6.098089

1.928847
6.176749

1.936978
6.199711

1.949555
6.352538

1.943494
6.322100

1.950718
6.463468

1.940620
6.410458

1.945659
6.520693

1.935239
6.441232

1.941349
6.531340

1.933808
6.441847

1.938822
6.525414

1.931308
6.430052

1.934005
6.485777

1.927142
6.383604

1.928478
6.422367

1.919645
6.301073

1.919499
6.324135

1.908299
6.194856

1.906607
6.221973

1.900961
6.145581

1.881072
6.074740

1.870044
6.008871

1.859065
5.986137

1.846565
5.918398

1.835749
5.893799

1.824609
5.817675

1.814170
5.787402

1.804386
5.719712

1.795782
5.692025

1.784599
5.626131

1.774568
5.605962

1.750312
5.498956

1.762769
5.567335

1.713665
5.405652

1.739178
5.537680

1.690344
5.396245

1.718979
5.524900

1.672110
5.378485

1.703974
5.491425

1.659463
5.336075

1.691083
5.411685

1.653647
5.278269

1.688516
5.355257

1.653074
5.219222

1.689776
5.319301

1.655527
5.133015

1.693005
5.217101

1.656714
5.078148

1.697105
5.041242

1.657882
4.950217

1.700554
4.826168

1.659006
4.790714

1.703247
4.658463

1.660003
4.614327

1.706017
4.466861

1.659808
4.407849

1.707005
4.252995

1.658369
4.179562

1.708269
4.012352

1.655674
3.813841

1.709323
3.765160

1.651660
3.566495

1.706651
3.517725

1.642423
3.319217

1.700544
3.275774

1.627286
3.078356

1.686413
3.031947

1.602467
2.847205

1.650571
2.677544

1.570269
2.622464

1.618647
2.444099

1.529054
2.398807

1.579685
2.219248

1.479850
2.178610

1.534148
1.996042

1.425749
1.965936

1.482316
1.770754

1.329791
1.648513

1.428569
1.545950

1.264657
1.428055

1.398779
1.311383

1.216778
1.198918

1.395780
1.074321

1.191911
0.968360

1.441859
0.841609

1.196462
0.849445

1.598221
0.636621

1.389641
0.513686

1.919728
0.481228

1.771151
0.335615

2.440360
0.431380

2.520259
0.281878

2.924049
0.507163

-3.116241
0.391062

-3.037979
0.650527

-2.782763
0.562674

-2.721530
0.897547

-2.554376
0.730836

-2.560771
1.048916

-2.382537
0.883599

-2.416880
1.173719

-2.234508
1.026997

-2.301964
1.305721

-2.132810
1.182485

-2.220909
1.459959

-2.068772
1.443850

-2.192895
1.634850

-2.075524
1.617319

-2.205221
1.799265

-2.115296
1.762402

-2.244775
1.928454

-2.172411
1.859237

-2.300579
2.011777

-2.237421
1.897694

-2.359720
2.026355

-2.324006
1.845651

-2.404030
1.967690

-2.358394
1.754888

-2.420044
1.855788

-2.347620
1.630152

-2.401459
1.718514

-2.318900
1.474527

-2.389870
1.543683

-2.313098
1.383111

-2.454182
1.271888

-2.385035
1.216323

-2.508840
1.205651

-2.581266
1.025923

-2.633867
1.066272

-2.726774
0.872529

-2.744120
0.881436

-2.841419
0.677589

-2.848298
0.576952

-2.877903
0.474086

-2.834352
0.381546

-2.778458
0.290710

-2.626470
0.210717

-2.476082
0.136572

-2.219043
0.088211

-1.999936
0.040222

-1.759286
0.014997

1.299574
0.000194

1.648182
0.000375

-1.369034
0.000090

1.649728
0.000355

-1.430002
0.000128

1.652013
0.000345

-1.450363
0.000158

1.728358
0.000108

1.774814
0.000030

-1.393200
0.000079

1.773118
0.000040

-1.393200
0.000079

1.773118
0.000040

-1.393200
0.000079

1.773118
0.000040

-1.381899
0.000069

1.773118
0.000040

-1.393200
0.000079

1.745469
0.000069

-1.393200
0.000079

1.755121
0.000060

-1.393200
0.000079

1.745469
0.000069

-1.400061
0.000088

1.745469
0.000069

-1.393200
0.000079

1.755121
0.000060

-1.384573
0.000070

1.755121
0.000060

-1.384573
0.000070

1.755121
0.000060

-1.386472
0.000060

1.755121
0.000060

-1.384573
0.000070

1.755121
0.000060

-1.393200
0.000079

1.740100
0.000119

0.000000
0.000001

1.768192
0.000010

-1.373401
0.000010

0.000000
0.000000

0.000000
0.000000

0.000000
0.000000

0.000000
0.000000

0.000000
0.000000

0.000000
0.000000

0.000000
0.000000

0.000000
0.000000

0.000000
0.000000

0.000000
0.000000

0.000000
0.000000

0.000000
0.000000

0.000000
0.000000

0.000000
0.000000

0.000000
0.000000

0.000000
0.000000

0.000000
0.000000

0.000000
0.000000

0.000000
0.000000

0.000000
0.000000

0.000000
0.000000

0.000000
0.000000

0.000000
0.000000

0.000000
0.000000

0.000000
0.000000

0.000000
0.000000

0.000000
0.000000

0.000000
0.000000

0.000000
0.000000

0.000000
0.000000

0.000000
0.000000

0.000000
0.000000

